17812
17862
17775
17821
17814
17842
17811
17838
17807
17850
17772
17753
17751
17717
17741
17754
17712
17760
17710
17761
17734
17704
17692
17696
17679
17664
17706
17643
17644
17684
17674
17646
17587
17586
17585
17576
17616
17638
17636
17553
17604
17536
17513
17507
17521
17488
17534
17545
17482
17478
17486
17472
17621
17464
17463
17471
17459
17437
17497
17443
17435
17518
17447
17430
17391
17375
17420
17382
17376
17396
17361
17356
17416
17360
17367
17354
17352
17355
17350
17333
17357
17319
17353
17325
17368
17317
17351
17308
17293
17289
17287
17318
17288
17282
17281
17298
17314
17275
17279
17273
17286
17261
17239
17238
17236
17267
17235
17234
17258
17246
17248
17254
17230
17233
17224
17221
17218
17212
17219
17203
17200
17226
17199
17198
17211
17191
17194
17190
17205
17186
17185
17181
17177
17174
17168
17196
17163
17161
17165
17160
17166
17158
17156
17150
17154
17153
17152
17151
17159
17147
17145
17155
17146
17142
17144
17141
17143
17140
17148
17135
17128
17117
17109
17138
17132
17105
17120
17130
17115
17121
17102
17103
17108
17099
17096
17095
17098
17104
17097
17094
17089
17093
17090
17092
17085
17083
17079
17084
17071
17070
17069
17068
17075
17088
17065
17066
17067
17063
17055
17049
17072
17047
17039
17046
17044
17036
17050
17043
17033
17028
17027
17034
17019
17014
17018
17011
17010
17031
16992
17007
16983
16981
16980
17005
16979
16976
16977
16993
16984
11449
9208
7189
7088
6938
6529
17228
17172
17171
17167
17164
17136
17113
17112
17100
17076
17060
17057
17053
17045
16996
16962
16946
16928
16925
16904
16897
16870
16868
16857
16856
16851
16832
16812
16811
16809
16795
16786
16774
16770
16768
16767
16751
16747
16744
16688
16677
16663
16645
16642
16638
16635
16622
16610
16607
16597
16595
16593
16591
16590
16589
16586
16568
16566
16559
16535
16498
16497
16496
16494
16486
16485
16478
16469
16455
16453
16452
16423
16420
16397
16374
16372
16353
17215
16352
16349
16333
16320
16319
16274
16273
16272
16254
16248
16244
16235
16231
16228
16224
16223
16204
16195
16188
16187
16185
17220
16176
16172
16151
16121
16118
16097
16094
16080
16079
16067
16053
16033
16032
16028
16016
16013
15999
15997
15991
15961
15948
15959
15939
15936
15925
15913
15871
15857
15854
15839
15832
15823
15814
15811
15809
15808
15803
15802
15798
15794
15780
15769
15768
15763
15756
15762
15749
15721
15720
15706
15692
15670
15666
15665
15663
15634
15613
15541
15515
15512
15510
15507
15506
15505
15503
15504
15502
15501
15500
15495
15494
15492
15474
17207
15467
17213
15461
15454
15453
15451
15450
15449
15448
15446
15444
15443
15441
15438
15429
15428
15427
15426
15425
15424
15423
15422
15399
15397
15396
15395
15394
15393
15390
15389
15386
15385
15377
15376
15375
15374
15373
15364
15363
15362
15361
15359
15358
15348
15347
15346
15345
15344
15343
15342
15329
15328
15326
15325
15324
15323
15311
15310
15308
15307
15288
15285
15286
15284
15283
15282
15279
15276
15274
15275
15273
15270
15268
15261
15260
15258
15256
15254
15233
15230
15229
15228
15214
15212
15211
15210
15209
15193
15160
15157
15155
15154
15153
15152
15146
15142
15141
15139
15138
15131
15128
15127
15126
15125
15124
17204
15123
15111
15109
17202
15108
15107
15106
15104
15099
15095
15094
15093
15085
15082
15083
15081
15051
15050
15048
15046
15045
15042
15038
15037
15035
15034
15032
15022
15021
15018
15009
15005
15004
15003
15002
15001
14984
14983
14981
14971
14970
14969
14968
14935
14932
17189
14929
14930
14928
14927
14926
14923
14922
14873
14898
14834
14829
14789
14746
14730
14707
14696
14656
14655
14654
14636
14632
14630
14629
14594
14591
14589
14588
14586
14577
14575
14574
14572
14571
14560
14559
14509
14508
14477
14463
14450
14398
14380
14379
14363
14362
14361
14271
14341
14270
14269
14268
14267
14261
14266
14259
14258
14249
14247
14246
14245
14237
14224
14223
14222
14221
14220
14219
14218
14216
14213
14212
14205
14204
14202
14200
14199
14191
14184
14169
14168
14164
14163
14156
14153
14141
14137
14117
14100
14094
14068
14067
14066
14054
14053
14046
14019
14038
13985
13994
13969
13965
13954
13953
13937
13935
13913
13910
13909
13901
13880
13857
13860
13855
13825
13821
13822
13814
13811
13797
13795
13785
13779
13765
13763
13762
13761
13753
13749
13739
13735
13723
13721
13719
13706
13682
13681
13678
13675
13666
13664
13661
13659
13650
13649
13634
13632
13631
13630
13629
13628
13624
13613
13606
13605
13600
13593
13589
13590
13571
13550
13488
13487
13486
13485
13460
13452
13451
13448
13445
13439
13436
13435
13434
13433
17180
13432
13427
13423
13417
13407
13405
13404
13400
13377
13375
13373
13370
13369
13357
13355
13353
13338
13336
13329
13318
13317
13311
13279
13278
13275
13264
13263
13260
13251
13223
13221
13185
17175
13184
13176
13156
13124
13120
13119
13103
13053
12994
12973
12972
12938
12937
12924
12922
12913
12905
12902
12895
12875
12892
12872
12871
12857
12829
12827
12818
12817
12816
12778
12769
12766
12763
12757
12747
12727
12724
12723
12721
12719
12710
12708
12701
12682
12661
12657
12656
12654
12641
12600
12588
12575
12565
12564
12529
12525
12506
12490
12459
12484
12456
12452
12451
12436
12435
12432
12427
12417
12390
12377
12327
12328
12310
12266
12245
12243
12222
12219
12207
12216
12197
12172
12170
12169
12164
12149
12138
12123
12106
12105
12095
12083
12084
12082
12079
12077
12055
12053
12045
12034
12030
12007
12026
12006
11997
11992
11970
11952
11948
11937
11935
11933
11897
11879
11878
11877
11866
11861
11851
11834
11819
11816
11817
11799
11797
11766
11765
11750
11747
11738
11736
11726
11718
11714
11699
11692
11681
11678
11680
11671
11670
11664
11663
11662
11661
11660
11632
11621
11613
11611
11607
11602
11599
11581
11561
11560
11540
11527
11519
11491
11489
11487
11479
11476
11467
11465
11456
11391
11390
11387
11386
11377
11359
11358
11356
11357
11355
11354
11352
11351
11334
11330
11327
11312
11314
11311
11298
11297
11294
11291
11284
11283
11279
11260
11254
11252
11251
11250
11249
11247
11244
11234
11227
11226
11225
11211
11210
11208
11206
11185
11184
11181
11177
11180
11142
11140
11138
11137
11134
11135
11130
11115
11114
11086
11075
11040
11039
11038
11037
11035
11031
11030
11025
11024
11023
11022
11012
11011
11010
11009
11007
11008
10985
11006
10973
10972
10970
10969
10967
10966
10965
10963
10961
10960
10958
10957
10956
10955
10942
10940
10938
10930
10929
10926
10925
10908
10907
10906
10891
10888
10887
10885
10841
10830
10811
10800
10808
10790
10797
10789
10764
10726
10725
10706
10704
10698
10675
10658
10657
10653
10645
10642
10632
10631
10615
10614
10603
10571
10559
10547
10538
10534
10505
10522
10459
10439
10418
10370
10369
10359
10343
10342
10334
10333
10289
10279
10271
10197
10128
10117
10111
10100
10060
10052
10033
10047
10030
10032
10007
9998
9984
9983
9981
9973
9969
9943
9937
9935
9931
9933
9912
9896
9858
9856
9839
9837
9836
9831
9823
9817
9815
9787
9728
9693
9749
9677
9660
9601
9540
9492
9487
9477
9474
9464
9453
9391
9367
9338
9295
9294
9285
9280
9266
9259
9242
9179
9164
9150
9141
9117
9103
9077
9076
9047
9074
9039
9012
8997
8969
8947
8946
8898
8795
8776
8766
8744
8727
8693
8687
8677
8661
8659
8648
8641
8618
8617
8606
8594
8581
8575
8563
8549
8547
8542
8529
8518
8509
8447
8390
8383
8369
8364
8350
8338
8332
8302
8301
8288
8280
8270
8266
8234
8225
8222
8213
8196
8179
8170
8168
8155
8149
8073
8069
8066
8038
8033
8031
8016
8009
7982
7974
7961
7946
7915
7898
7890
7852
7850
7847
7837
7798
7757
7735
7734
7733
7726
7707
7666
7649
7604
7572
7570
7569
7566
7525
7523
7524
7522
7521
7520
7508
7499
7498
7497
7491
7490
7489
7479
7478
7475
7450
7448
7445
7444
7442
7440
7411
7406
7402
7399
7379
7378
7376
7355
7377
7352
7350
7347
7332
7331
7267
7162
7123
7117
7116
7115
7098
7093
7091
7090
7089
7086
7068
7062
7044
7028
7025
6988
6967
6959
6952
6918
6875
6833
6848
6825
6811
6767
6786
6736
6757
6719
6720
6735
6723
6712
6683
6682
6665
6604
6601
6596
6595
6594
6593
6592
6585
6583
6571
6553
6549
6548
6526
6519
6429
6481
6391
6379
6363
6358
6348
6341
6315
6301
6286
6274
6265
6246
6235
6076
6041
6017
6013
6000
5962
5941
5934
5913
5861
5816
5742
5776
5740
5663
5620
5585
5559
5554
5546
5511
5464
5497
5427
5413
5381
5337
5313
5312
5309
5291
5265
5256
5260
5252
5249
5233
5219
5218
5195
5180
5172
5157
5155
5128
5098
5078
5036
5007
5002
4996
4984
4968
4967
4961
4941
4937
4896
4889
4887
4885
4880
4824
4782
4775
4773
4717
4707
4679
4645
4644
4602
4592
4501
4588
4462
4460
4443
4403
4399
4380
4258
4248
4237
4236
4158
4154
4152
4144
4139
4091
4084
4073
4068
4067
4065
4064
4051
4039
4016
3951
3942
3936
3934
3926
3915
3899
3897
3869
3847
3828
3821
3810
3777
3775
3760
3747
3745
3743
3739
3720
3709
3687
3665
3468
3464
3459
3412
3404
3391
3372
3358
3305
3240
3234
3239
3225
3233
3205
3177
3127
3086
3047
3042
3017
2958
2956
2949
2901
2871
2870
2869
2849
2827
2806
2727
2679
2676
2665
2646
2590
2530
2528
2529
2527
2439
2526
2276
2200
2144
2135
1966
1783
1764
1754
1645
1520
1424
1230
1216
1207
1180
948
950
947
940
344
206
17740
17035
16987
16281
16077
15990
14545
14193
14095
13939
13885
10315
10251
10058
10055
9230
8769
8247
8084
7818
7690
7035
6392
6304
6295
5976
5938
5494
5385
5308
5237
5215
5103
4725
4651
4506
4485
4433
4283
3763
3725
3263
3149
2888
2761
2455
2381
2068
2030
2029
1927
1813
1675
1673
1602
684
553
552
551
550
546
511
418
409
349
348
346
219
17855
17417
17406
17388
17087
16886
16866
16810
16793
16357
16122
15874
15873
15581
15580
14941
14447
14386
14356
14057
13826
13356
12844
12631
12602
12580
12481
11639
11242
10982
10832
10106
10042
9670
9414
9300
9085
8754
8663
8582
8403
8396
8337
8333
8282
7050
6689
6227
6097
5868
5536
5469
5208
4705
5054
4686
4598
4270
3985
3792
3791
2808
2807
2706
2544
2534
2396
2212
2104
2066
1878
1820
1812
1721
1718
1703
1693
1655
1297
1400
907
661
624
621
509
475
461
338
336
317
313
231
164
16680
16011
16010
10760
10759
10736
10723
10722
10637
10636
10575
10574
10565
10564
10540
10530
10490
10489
10477
10476
10372
10419
10346
10296
10295
10226
9915
8367
6989
6386
6272
6271
6121
6120
5748
4855
4348
4347
4205
4204
4203
2591
2525
2279
1228
1202
1201
1200
1199
881
825
609
288
287
286
283
17791
17763
17746
17693
17651
17626
17614
17584
17583
17554
17548
17533
17538
17523
17387
17320
17134
16835
16365
16234
16227
16202
16102
15753
15564
15479
15433
14942
14896
14877
14699
14444
14385
14343
14139
13869
13854
13812
13680
13594
13552
13483
13449
13117
13026
12647
12605
12426
12331
12244
12208
12202
12088
12025
11998
11993
11899
11875
11855
11852
11758
11754
11684
11584
11562
11524
11470
11466
11457
11217
11091
10903
10833
10810
10693
10633
10467
10433
10347
10263
10214
10203
10186
10173
10144
9966
9890
9879
9756
9603
9548
9546
9526
9399
9281
9044
9032
8876
8845
8844
8831
8799
8665
8646
8644
8492
8407
8304
8180
7987
7967
7951
7950
7940
7848
7840
7722
7715
7645
7616
7608
7512
7467
7428
7427
7386
7349
7317
7301
7255
7242
7181
7164
7005
6986
6951
6972
6888
6887
6819
6688
6597
6584
6582
6570
6569
6491
6482
6437
6419
6417
6403
6389
6220
6210
6205
6140
6178
6125
6104
6079
5886
5851
5809
5808
5807
5787
5765
5749
5732
5710
5699
5687
5686
5681
5670
5660
5652
5639
5574
5577
5513
5504
5502
5496
5488
5487
5485
5467
5455
5463
5423
5383
5371
5370
5302
5287
5281
5273
5266
5253
5246
5225
5165
5140
5129
5092
5057
5052
5017
5013
5012
5011
4907
4851
4830
4799
4790
4789
4784
4763
4756
4743
4688
4668
4654
4652
4647
4646
4643
4582
4531
4529
4519
4489
4468
4411
4407
4397
4385
4395
4366
4360
4341
4298
4261
4235
4220
4145
4135
4124
4078
4031
4028
4023
4018
4003
3998
3999
3996
3994
3984
3956
3955
3947
3912
3909
3905
3902
3880
3867
3861
3853
3849
3799
3785
3653
3690
3646
3616
3565
3560
3557
3489
3461
3432
3374
3359
3337
3261
3218
3201
3185
3209
3145
3207
3197
3142
3137
3115
3094
3071
3070
3069
3063
3051
3046
3044
3008
3002
2936
2935
2895
2853
2852
2841
2820
2796
2782
2749
2741
2722
2721
2718
2698
2691
2685
2680
2677
2658
2633
2604
2598
2592
2588
2586
2585
2582
2571
2563
2514
2492
2432
2458
2394
2370
2347
2346
2280
2340
2273
2253
2246
2243
2234
2206
2139
2133
2136
2106
1974
1962
1959
1918
1902
1890
1846
1839
1827
1818
1797
1790
1792
1774
1773
1765
1733
1726
1722
1700
1696
1691
1689
1674
1658
1642
1656
1623
1607
1582
1579
1563
1408
1352
1324
1323
1321
1316
1315
1314
1254
1247
1243
1233
1185
1181
1179
1168
1110
1079
1076
1072
1068
1064
1041
1052
1037
1035
1032
1000
996
993
973
968
946
938
908
890
855
857
850
843
841
834
831
821
820
811
710
709
647
618
590
614
543
538
485
483
473
471
459
425
412
388
370
363
361
307
11389
10770
10729
10703
10715
10702
10684
10678
10640
10634
10618
10601
10600
10561
10551
10508
10375
10348
10280
10177
10175
10143
10104
9988
9964
9946
9918
9884
9844
9771
9732
9691
9685
9619
9612
9579
9573
9490
9458
9401
9392
9373
9390
9366
9362
9298
9260
9257
9243
9212
9207
9198
9195
9169
9167
9078
9065
9058
9038
9018
8901
8900
8873
8861
8875
8860
8859
8839
8816
8783
8780
8781
8777
8739
8701
8700
8600
8578
8568
8566
8565
8564
8541
8483
8495
8389
8329
8322
8195
8132
8116
8094
8083
8074
7937
7925
7913
7909
7792
7736
7695
7647
7638
7515
7588
7417
7325
7259
7258
7200
7177
7163
7049
6973
6970
6944
6936
6920
6919
6909
6890
6885
6860
6855
6840
6728
6721
6644
6635
6607
6577
6530
6406
6407
6398
6302
6329
6292
6240
6225
6185
6167
6009
5981
5935
5860
5844
5828
5750
5633
5616
5614
5544
5454
5407
5352
5336
5290
5274
5258
5241
5211
5185
5173
5146
5118
5088
4992
4990
5051
4989
4901
4895
4853
4852
4850
4843
4838
4835
4820
4818
4816
4805
4798
4797
4794
4793
4792
4765
4762
4754
4752
4710
4706
4694
4662
4575
4574
4573
4571
4569
4568
4566
4567
4565
4564
4547
4492
4483
4405
4394
4369
4350
4253
4252
4250
4221
4193
4166
4164
4150
4063
4041
4030
3993
3910
3782
3707
3701
3674
3581
3577
3549
3548
3547
3545
3544
3543
3456
3455
3454
3439
3409
3376
3340
3320
3318
3300
3298
3279
3278
3277
3262
3236
3223
3171
3154
3152
3129
3075
2971
2970
2969
2967
2963
2962
2927
2892
2877
2873
2872
2815
2824
2813
2791
2790
2775
2712
2711
2702
2705
2701
2699
2690
2647
2629
2620
2619
2613
2557
2551
2550
2542
2537
2517
2507
2479
2478
2466
2461
2438
2436
2278
2257
2256
2260
2249
2201
2132
2100
2088
2053
2052
2023
2019
2004
2001
2000
1999
1991
1981
1922
1898
1897
1895
1851
1811
1805
1786
1785
1749
1706
1681
1644
1627
1612
1609
1558
1493
1366
1365
1364
1363
1362
1361
1360
1331
1289
1282
1278
1031
991
911
910
895
858
849
836
792
757
633
615
566
534
454
453
414
308
275
279
17776
17790
17765
17745
17755
17732
17689
17657
17686
17650
17652
17601
17600
17599
17592
17578
17577
17557
17542
17539
17510
17508
17495
17491
17485
17477
17442
17364
17300
17124
16399
16364
16342
16260
16242
16233
16147
16087
16086
15996
15578
15583
15571
15553
15369
15336
15137
15130
15084
15043
15026
14999
14985
14982
14907
14904
14893
14880
14875
14843
14841
14830
14772
14728
14695
14530
14663
14445
14414
14406
14375
14396
14365
14347
14235
14211
14209
14196
14171
14143
14112
14076
14074
14036
14073
13973
13881
13720
13871
13633
13465
13457
13456
13426
13374
13310
13307
13236
12861
12781
12531
12507
12500
12394
12359
12329
12249
12223
12217
12199
12198
12174
12165
12153
12151
12137
12133
12132
12128
12087
12086
12001
11999
11980
11971
11934
11888
11853
11772
11725
11724
11716
11585
11563
11555
11542
11258
11471
11236
11183
11209
10814
10813
10862
10801
10655
10791
10682
10629
10443
10432
10290
10371
10277
10256
10109
10046
10004
9951
9895
9892
9857
9824
9818
9738
9705
9695
9680
9607
9572
9502
9488
9478
9460
9372
9322
9236
9233
9232
9229
9093
9092
8966
8902
8858
8768
8664
8643
8608
8506
8502
8411
8451
8372
8160
8130
8025
8011
7922
7905
7795
7794
7763
7692
7691
7639
7582
7422
7384
7333
7318
7300
7298
7297
7269
7260
7254
7253
7238
7230
7202
7173
7139
7099
7097
7095
7059
7006
7000
6998
6968
6911
6889
6879
6876
6858
6844
6815
6762
6668
6647
6646
6645
6642
6557
6466
6465
6418
6234
6142
6098
6073
6077
6051
6023
6026
6014
5987
5977
5931
5930
5921
5903
5855
5854
5830
5829
5825
5803
5772
5682
5669
5662
5582
5580
5579
5578
5576
5506
5503
5489
5466
5465
5425
5424
5421
5419
5417
5410
5409
5399
5382
5356
5355
5354
5350
5326
5325
5319
5314
5298
5278
5272
5242
5240
5239
5230
5170
5169
5168
5151
5136
5115
5087
5086
5058
5055
5029
5020
5018
5009
4997
4995
4994
4980
4916
4898
4878
4849
4819
4817
4787
4757
4657
4655
4650
4649
4605
4604
4603
4576
4561
4527
4503
4445
4428
4393
4392
4391
4386
4376
4325
4305
4303
4227
4219
4136
4134
4126
4090
4074
4049
4029
4001
3995
3988
3987
3980
3978
3969
3946
3944
3907
3900
3879
3874
3856
3843
3842
3839
3838
3831
3830
3829
3790
3698
3651
3609
3608
3597
3566
3558
3536
3533
3492
3491
3488
3450
3465
3440
3407
3394
3333
3291
3285
3224
3219
3200
3198
3196
3088
3087
3079
3068
3049
3048
3043
3041
3037
3036
3018
3007
2990
2981
2974
2959
2973
2913
2900
2885
2855
2837
2828
2803
2799
2800
2777
2725
2724
2719
2716
2715
2710
2694
2657
2643
2637
2596
2624
2593
2595
2575
2565
2561
2515
2513
2494
2476
2460
2447
2445
2435
2433
2374
2366
2351
2349
2348
2343
2342
2275
2274
2204
2193
2170
2161
2160
2159
2151
2140
2138
2137
2130
2113
2111
2058
2057
2046
2045
2044
2043
2042
2033
1960
1954
1938
1914
1913
1906
1905
1904
1899
1894
1881
1849
1848
1845
1829
1795
1761
1759
1748
1743
1734
1725
1724
1702
1690
1688
1659
1657
1652
1647
1643
1632
1630
1625
1619
1606
1533
1532
1525
1519
1516
1504
1465
1494
1454
1447
1444
1437
1435
1431
1426
1423
1419
1411
1386
1322
1259
1250
1249
1248
1246
1236
1232
1220
1214
1210
1182
1193
1205
1165
1178
1164
1163
1143
1141
1137
1134
1133
1127
1107
1106
1105
1081
1080
1083
1078
1075
1073
1070
1063
1061
1057
1056
1054
1050
1039
1038
1033
1013
999
979
975
967
966
939
951
937
936
932
923
891
885
879
877
876
859
842
819
813
809
800
798
775
744
736
726
707
704
701
700
697
695
688
664
631
612
611
610
540
521
518
504
501
502
498
486
484
482
481
480
474
472
470
468
467
465
456
426
343
341
340
17579
17528
17496
17469
17385
17358
16356
16246
16095
15491
15382
14886
13308
12684
12190
12022
11957
11940
11900
11864
11525
11450
10878
10733
10643
10622
10360
10338
10273
10172
10021
9978
9970
9174
8888
8829
8762
8438
7245
6497
5877
5403
5679
5401
5343
5338
5186
4944
4802
4642
4482
4285
4276
4125
4006
3837
3295
3275
3274
3238
3114
3062
2988
2801
2778
2748
2697
2696
2695
2473
2444
2443
2080
2239
1973
1972
1843
1631
1732
1483
1482
1479
1480
1186
1058
952
931
772
613
685
587
544
514
489
394
359
358
357
356
355
354
353
352
197
195
194
157
17654
17519
17004
16419
16241
15691
15556
15360
15020
14551
14550
14325
14248
14127
14058
13350
13337
13175
13107
12995
12643
12206
12129
12127
12033
12021
11960
11938
11887
11820
11737
11601
11557
11530
11353
10762
10652
10644
10536
10483
10428
10298
10227
10213
10211
10210
10147
10134
10127
10053
10037
9930
9928
9689
9632
9539
9486
9424
9400
9356
9279
9190
9129
9126
9064
9016
8978
8911
8910
8835
8765
8733
8705
8704
8699
8698
8691
8690
8689
8688
8675
8674
8673
8672
8671
8658
8657
8656
8653
8639
8638
8637
8601
8598
8535
8467
8384
8380
8365
8325
8321
8256
8254
8191
8127
8113
8041
7983
7972
7912
7846
7790
7721
7664
7596
7564
7527
7324
7236
7178
7124
7024
6985
6958
6906
6847
6772
6732
6711
6691
6639
6599
6546
6505
6457
6414
6354
6303
6263
6255
6202
6143
6100
6040
6006
5989
5937
5875
5815
5761
5727
5674
5512
5613
5456
5444
5282
5279
5234
5122
5072
5068
5039
5035
5027
5023
4969
4881
4879
4666
4734
4665
4585
4555
4550
4487
4373
4304
4275
4245
4212
4186
4161
4143
4142
4106
4093
4058
4057
3979
3875
3768
3714
3686
3677
3643
3638
3625
3623
3621
3555
3509
3462
3457
3453
3421
3403
3366
3317
3310
3276
3204
3163
3098
3040
2995
2993
2992
2955
2933
2915
2886
2882
2859
2843
2821
2805
2780
2747
2720
2674
2656
2606
2558
2508
2488
2390
2065
2055
2011
1891
1562
1518
1517
1266
1319
1265
1218
1131
1089
1071
949
942
816
774
687
15654
619
15618
14367
13992
13870
13726
12397
12264
12173
11953
10604
10400
9822
9535
9415
8954
8530
8136
8361
7782
6995
6713
6108
6046
5924
5440
5439
5437
5436
5402
5138
5121
4899
4822
4786
4736
4669
4499
4290
4284
4061
3845
3834
3735
3591
3193
3189
3080
3064
2980
2770
2603
2602
2599
2549
2543
2512
2462
2268
2235
2186
2166
2156
2152
2101
1928
1919
1917
1861
1755
1747
1634
1476
1475
1474
1473
1472
1469
1466
1335
1329
1299
1275
1274
1268
1262
1261
1260
1258
1139
1098
1043
1014
997
986
690
672
667
666
662
652
547
457
389
365
364
339
347
16639
17637
15202
13534
10943
7938
7122
6821
5731
5560
5053
4811
4127
2678
2171
1850
1267
773
681
569
5443
3898
2636
2559
2510
17857
17852
2499
17851
17836
17835
17797
17796
17782
17735
17726
17725
17723
17700
17683
17661
17617
17613
17611
17574
17566
17484
17467
17454
17349
17348
17340
17339
17336
17335
17332
17331
17326
17312
17257
17250
17133
17015
16995
16994
16986
16927
16653
16621
16608
16594
16539
16481
16335
16270
16180
16175
16052
16034
16022
16009
15938
15870
15704
15540
15517
15514
15513
15488
15471
15470
15469
15468
15447
15442
15392
15388
15380
15379
15357
15327
15313
15312
15281
15278
15277
15272
15271
15269
15259
15231
15213
15195
15159
15158
15156
15150
15149
15144
15143
15122
15140
15105
15097
15079
15055
15053
15049
15047
15044
15036
15019
15017
15000
14986
14973
14972
14933
14931
14925
14804
14638
14533
14476
14265
14260
14243
14236
14231
14162
14022
13964
13949
13898
13823
13702
13603
13587
13467
13424
13330
13272
13178
13123
13122
13081
13027
13025
13022
12910
12756
12751
12502
12483
12124
12094
11622
11949
11520
11500
11350
11329
11328
11317
11313
11292
11289
11282
11281
11278
11280
11261
11259
11253
11245
11232
11231
11224
11223
11222
11205
11204
11132
11131
11128
11119
11117
11116
11113
11069
11041
11036
11034
11033
11032
11020
10968
11021
10964
10954
10953
10941
10939
10928
10927
10905
10904
10890
10690
10630
10570
10549
10465
10458
10438
10414
10170
10125
10031
9999
9972
9968
9944
9901
9780
9767
9765
9452
9321
9057
8909
8734
8636
8614
8261
8229
7936
7919
7906
7810
7808
7761
7717
7574
7511
7510
7509
7496
7495
7488
7481
7477
7441
7439
7438
7437
7430
7425
7413
7412
7410
7403
7401
7380
7353
7348
7330
7328
7120
7114
7096
7082
7081
7014
6953
6760
6638
6347
6334
6273
6094
5498
5473
5364
5158
5247
5090
4993
4955
4807
4729
4675
4595
4572
4512
4511
4510
4442
4377
4151
4050
4026
3997
3968
3941
3940
3901
3556
3487
3467
3463
3458
3422
3406
3356
3346
3299
3237
3229
3228
3226
3208
3175
3141
3139
3130
2899
2826
2686
2668
2648
2531
2391
2408
2168
2059
2005
1686
1459
7189
9208
6529
7088
11449
6938
15823
12055
11819
11817
11816
11799
11797
11766
11765
11750
11747
11738
11736
11726
11718
11714
11699
11692
11681
11680
11678
11671
11670
11664
11663
11662
11661
11660
11632
11621
11613
11611
11607
11602
11599
11581
11561
11560
11540
11527
11519
11491
11489
11487
11479
11476
11467
11465
11456
11391
11390
11387
11386
11377
11359
11358
11357
11356
11355
11354
11352
11351
11334
11330
11327
11314
11312
11311
11298
11297
11294
11291
11284
11283
11279
11260
11254
11252
11251
11250
11249
11247
11244
11234
11227
11226
11225
11211
11210
11208
11206
11185
11184
11181
11180
11177
11142
11140
11138
11137
11135
11134
11130
11115
11114
11086
11075
11040
11039
11038
11037
11035
11031
11030
11025
11024
11023
11022
11012
11011
11010
11009
11008
11007
11006
10985
10973
10972
10970
10969
10967
10966
10965
10963
10961
10960
10958
10957
10956
10955
10942
10940
10938
10930
10929
10926
10925
10908
10907
10906
10891
10888
10887
10885
10841
10830
10811
10808
10800
10797
10790
10789
10764
10726
10725
10706
10704
10698
10675
10658
10657
10653
10645
10642
10632
10631
10615
10614
10603
10571
10559
10547
10538
10534
10522
10505
10459
10439
10418
10370
10369
10359
10343
10342
10334
10333
10289
10279
10271
10197
10128
10117
10111
10100
10060
10052
10047
10033
10032
10030
10007
9998
9984
9983
9981
9973
9969
9943
9937
9935
9933
9931
9912
9896
9858
9856
9839
9837
9836
9831
9823
9817
9815
9787
9749
9728
9693
9677
9660
9601
9540
9492
9487
9477
9474
9464
9453
9391
9367
9338
9295
9294
9285
9280
9266
9259
9242
9179
9164
9150
9141
9117
9103
9077
9076
9074
9047
9039
9012
8997
8969
8947
8946
8898
8795
8776
8766
8744
8727
8693
8687
8677
8661
8659
8648
8641
8618
8617
8606
8594
8581
8575
8563
8549
8547
8542
8529
8518
8509
8447
8390
8383
8369
8364
8350
8338
8332
8302
8301
8288
8280
8270
8266
8234
8225
8222
8213
8196
8179
8170
8168
8155
8149
8073
8069
8066
8038
8033
8031
8016
8009
7982
7974
7961
7946
7915
7898
7890
7852
7850
7847
7837
7798
7757
7735
7734
7733
7726
7707
7666
7649
7604
7572
7570
7569
7566
7525
7524
7523
7522
7521
7520
7508
7499
7498
7497
7491
7490
7489
7479
7478
7475
7450
7448
7445
7444
7442
7440
7411
7406
7402
7399
7379
7378
7377
7376
7355
7352
7350
7347
7332
7331
7267
7162
7123
7117
7116
7115
7098
7093
7091
7090
7089
7086
7068
7062
7044
7028
7025
6988
6967
6959
6952
6918
6875
6848
6833
6825
6811
6786
6767
6757
6736
6735
6723
6720
6719
6712
6683
6682
6665
6604
6601
6596
6595
6594
6593
6592
6585
6583
6571
6553
6549
6548
6526
6519
6481
6429
6391
6379
6363
6358
6348
6341
6315
6301
6286
6274
6265
6246
6235
6076
6041
6017
6013
6000
5962
5941
5934
5913
5861
5816
5776
5742
5740
5663
5620
5585
5559
5554
5546
5511
5497
5464
5427
5413
5381
5337
5313
5312
5309
5291
5265
5260
5256
5252
5249
5233
5219
5218
5195
5180
5172
5157
5155
5128
5098
5078
5036
5007
5002
4996
4984
4968
4967
4961
4941
4937
4896
4889
4887
4885
4880
4824
4782
4775
4773
4717
4707
4679
4645
4644
4602
4592
4588
4501
4462
4460
4443
4403
4399
4380
4258
4248
4237
4236
4158
4154
4152
4144
4139
4091
4084
4073
4068
4067
4065
4064
4051
4039
4016
3951
3942
3936
3934
3926
3915
3899
3897
3869
3847
3828
3821
3810
3777
3775
3760
3747
3745
3743
3739
3720
3709
3687
3665
3468
3464
3459
3412
3404
3391
3372
3358
3305
3240
3239
3234
3233
3225
3205
3177
3127
3086
3047
3042
3017
2958
2956
2949
2901
2871
2870
2869
2849
2827
2806
2727
2679
2676
2665
2646
2590
2530
2529
2528
2527
2526
2439
2276
2200
2144
2135
1966
1783
1764
1754
1645
1520
1424
1230
1216
1207
1180
950
948
947
940
344
206
17740
17035
16987
16281
16077
15990
14545
14193
14095
13939
13885
10315
10251
10058
10055
9230
8769
8247
8084
7818
7690
7035
6392
6304
6295
5976
5938
5494
5385
5308
5237
5215
5103
4725
4651
4506
4485
4433
4283
3763
3725
3263
3149
2888
2761
2455
2381
2068
2030
2029
1927
1813
1675
1673
1602
684
553
552
551
550
546
511
418
409
349
348
346
219
17855
17417
17406
17388
17087
16886
16866
16810
16793
16357
16122
15874
15873
15581
15580
14941
14447
14386
14356
14057
13826
13356
12844
12631
12602
12580
12481
11639
11242
10982
10832
10106
10042
9670
9414
9300
9085
8754
8663
8582
8403
8396
8337
8333
8282
7050
6689
6227
6097
5868
5536
5469
5208
5054
4705
4686
4598
4270
3985
3792
3791
2808
2807
2706
2544
2534
2396
2212
2104
2066
1878
1820
1812
1721
1718
1703
1693
1655
1400
1297
907
661
624
621
509
475
461
338
336
317
313
231
164
16680
16011
16010
10760
10759
10736
10723
10722
10637
10636
10575
10574
10565
10564
10540
10530
10490
10489
10477
10476
10419
10372
10346
10296
10295
10226
9915
8367
6989
6386
6272
6271
6121
6120
5748
4855
4348
4347
4205
4204
4203
2591
2525
2279
1228
1202
1201
1200
1199
881
825
609
288
287
286
283
17791
17763
17746
17693
17651
17626
17614
17584
17583
17554
17548
17538
17533
17523
17387
17320
17134
16835
16365
16234
16227
16202
16102
15753
15564
15479
15433
14942
14896
14877
14699
14444
14385
14343
14139
13869
13854
13812
13680
13594
13552
13483
13449
13117
13026
12647
12605
12426
12331
12244
12208
12202
12088
12025
11998
11993
11899
11875
11855
11852
11758
11754
11684
11584
11562
11524
11470
11466
11457
11217
11091
10903
10833
10810
10693
10633
10467
10433
10347
10263
10214
10203
10186
10173
10144
9966
9890
9879
9756
9603
9548
9546
9526
9399
9281
9044
9032
8876
8845
8844
8831
8799
8665
8646
8644
8492
8407
8304
8180
7987
7967
7951
7950
7940
7848
7840
7722
7715
7645
7616
7608
7512
7467
7428
7427
7386
7349
7317
7301
7255
7242
7181
7164
7005
6986
6972
6951
6888
6887
6819
6688
6597
6584
6582
6570
6569
6491
6482
6437
6419
6417
6403
6389
6220
6210
6205
6178
6140
6125
6104
6079
5886
5851
5809
5808
5807
5787
5765
5749
5732
5710
5699
5687
5686
5681
5670
5660
5652
5639
5577
5574
5513
5504
5502
5496
5488
5487
5485
5467
5463
5455
5423
5383
5371
5370
5302
5287
5281
5273
5266
5253
5246
5225
5165
5140
5129
5092
5057
5052
5017
11933
5013
5012
5011
4907
4851
4799
4830
4790
4789
4784
4763
4756
4743
4688
4668
4654
4652
4647
4646
4643
4582
4531
4529
4519
4489
4468
4411
4407
4397
4395
4385
4366
4360
4341
4298
4261
4235
4220
4145
4135
4124
4078
4031
4028
4023
4018
4003
3999
3998
3996
3994
3984
3956
3955
3947
3912
3909
3905
3902
3880
3867
3861
3853
3849
3799
3785
3690
3653
3646
3616
3565
3560
3557
3489
3461
3432
3374
3359
3337
3261
3218
3209
3207
3201
3197
3185
3145
3142
3137
3115
3094
3071
3070
3069
3063
3051
3046
3044
3008
3002
2936
2935
2895
2853
2852
2841
2820
2796
2782
2749
2741
2722
2721
2718
2698
2691
2685
2680
2677
2658
2633
2604
2598
2592
2588
2586
2585
2582
2571
2563
2514
2492
2458
2432
2394
2370
2347
2346
2340
2280
2273
2246
2253
2243
2234
2206
2139
2136
2133
11897
2106
1974
1959
1962
1918
1902
1890
1846
1839
1827
11879
1818
1792
1797
1790
11878
1774
1773
1765
1733
1726
1722
1700
1696
1691
1689
1658
1674
1656
1623
1642
1607
1582
1579
1563
1408
1324
1323
1352
1321
1316
1314
1315
1254
11877
1247
1243
1185
1233
1181
1179
1168
11866
1079
1110
1072
1076
1064
1068
1052
1041
1037
1035
1032
1000
996
993
973
968
946
938
890
908
857
855
843
850
834
831
841
821
820
811
710
647
709
618
614
590
543
485
538
483
473
471
425
459
412
11861
388
363
370
361
307
11389
10770
10729
10715
10702
10684
10703
10678
10640
10634
10618
10601
10600
10561
10551
10508
10375
10348
10280
10177
10175
10143
10104
9964
9988
9946
9884
9918
9771
9844
9732
9691
9619
9685
9612
9579
9573
9490
9458
9392
9401
9390
9373
9366
9362
9298
9260
9257
9243
9207
9212
9198
9195
9167
9169
9078
9065
9058
9038
9018
8901
8875
11851
8873
8900
8859
8839
8860
8861
8816
8783
8781
8780
8777
8739
8701
8700
8600
8568
8578
8566
8565
8541
8564
8495
8483
8389
8329
8322
8195
8132
8116
8074
8083
8094
7937
7925
7913
7909
7792
7736
7695
7647
7638
11834
7588
7515
7417
7325
7259
7258
7200
7177
7163
6973
7049
6944
6970
6936
6920
6919
6909
6890
6885
6860
6855
6840
6721
6728
6644
6635
6607
6577
6530
6407
6406
6398
6329
6302
6292
6240
6225
6167
6185
6009
5981
5935
5860
5844
5750
5828
5633
5616
5614
5544
5407
5454
5336
5352
5274
5290
5241
5258
5211
5173
5185
5146
5118
5088
5051
4992
4990
4989
4901
4895
4852
4850
4853
4843
4835
4838
4820
4818
4816
4805
4798
4794
4797
4793
4792
4765
4762
4752
4754
4710
4706
4694
4662
4575
4574
4573
4571
4569
4568
4567
4565
4564
4566
4547
4483
4492
4394
4405
4369
4350
4253
4252
4250
4221
4193
4166
4164
4150
4063
4041
4030
3993
3910
3782
3707
3701
3581
3674
3577
3549
3548
3547
3545
3543
3544
3456
3455
3439
3454
3376
3409
3318
3340
3320
3298
3300
3279
3278
3277
3236
3223
3171
3262
3154
3152
3075
3129
2970
2971
2967
2969
2963
2962
2892
2927
2877
2873
2872
2815
2824
2813
2791
2711
2775
2790
2712
2705
2702
2701
2699
2690
2647
2629
2620
2619
2613
2557
2551
2550
2542
2537
2517
2479
2507
2478
2466
2461
2438
2278
2436
2257
2260
2249
2256
2201
2132
2100
2088
2053
2052
2023
2019
2001
2004
2000
1999
1991
1981
1922
1898
1897
1895
1851
1811
1805
1786
1785
1749
1681
1644
1706
1627
1612
1609
1558
1493
1366
1365
1364
1363
1362
1361
1360
1331
1282
1278
1289
991
1031
911
910
895
858
849
792
836
757
633
615
566
534
454
414
453
308
279
275
17776
17765
17790
17755
17745
17732
17689
17686
17652
17650
17657
17601
17600
17599
17592
17577
17578
17557
17542
17539
17510
17508
17491
17495
17485
17477
17442
17364
17300
16399
17124
16364
16342
16260
16242
16233
16147
16087
16086
15996
15583
15578
15369
15571
15336
15553
15137
15130
15084
15043
15026
14999
14985
14982
14907
14904
14893
14880
14875
14843
14841
14772
14728
14830
14695
14663
14414
14445
14530
14406
14396
14375
14365
14347
14235
14211
14209
14196
14171
14143
14112
14076
14074
14073
14036
13973
13881
13871
13720
13633
13457
13465
13456
13426
13374
13307
13310
13236
12861
12531
12781
12507
12500
12394
12359
12329
12249
12223
12217
12199
12198
12165
12174
12153
12151
12137
12133
12132
12128
12087
12086
11999
12001
11971
11934
11888
11980
11772
11853
11725
11724
11716
11585
11555
11563
11542
11471
11236
11258
11209
11183
10862
10814
10813
10801
10791
10682
10655
10629
10443
10432
10371
10290
10277
10046
10256
10109
10004
9951
9895
9892
9857
9824
9738
9818
9705
9695
9607
9680
9572
9502
9488
9478
9460
9372
9322
9236
9233
9232
9229
9093
9092
8966
8902
8858
8768
8664
8643
8608
8506
8502
8451
8411
8160
8372
8130
8025
8011
7905
7795
7922
7794
7692
7763
7691
7639
7582
7422
7384
7333
7318
7300
7298
7297
7269
7260
7254
7253
7238
7230
7202
7173
7139
7099
7097
7095
7059
7000
7006
6998
6911
6889
6968
6879
6858
6876
6815
6844
6762
6668
6647
6646
6645
6642
6557
6466
6465
6234
6418
6142
6098
6077
6051
6073
6023
6026
6014
5977
5987
5931
5921
5930
5903
5855
5830
5854
5829
5825
5803
5772
5682
5669
5662
5582
5580
5579
5578
5506
5576
5503
5489
5466
5465
5425
5424
5421
5419
5410
5417
5409
5399
5382
5356
5355
5354
5350
5326
5325
5314
5319
5298
5278
5242
5272
5240
5239
5230
5170
5168
5169
5151
5136
5115
5087
5086
5058
5055
5029
5020
5009
5018
4997
4994
4980
4995
4916
4898
4878
4849
4819
4817
4787
4757
4657
4655
4650
4649
4605
4604
4603
4561
4576
4527
4503
4445
4392
4428
4393
4391
4386
4376
4325
4305
4303
4227
4219
4136
4134
4126
4090
4074
4049
4029
4001
3995
3988
3987
3980
3978
3969
3946
3944
3907
3900
3879
3874
3856
3843
3842
3839
3838
3831
3830
3829
3790
3698
3651
3609
3608
3597
3566
3558
3536
3533
3492
3491
3450
3465
3488
3440
3394
3333
3291
3285
3407
3224
3219
3200
3196
3198
3088
3087
3079
3068
3049
3048
3041
3043
3037
3036
3018
3007
2990
2981
2974
2973
2959
2913
2900
2885
2855
2837
2828
2803
2799
2800
2777
2725
2724
2719
2716
2715
2710
2694
2657
2643
2637
2624
2596
2595
2593
2575
2565
2561
2515
2513
2494
2476
2460
2447
2445
2433
2435
2374
2366
2351
2349
2348
2343
2275
2342
2274
2204
2170
2193
2161
2160
2159
2151
2138
2140
2137
2130
2113
2111
2058
2046
2057
2045
2044
2043
2042
2033
1960
1954
1938
1914
1913
1906
1905
1904
1899
1894
1881
1849
1848
1829
1845
1795
1761
1759
1748
1743
1734
1725
1724
1702
1688
1690
1657
1659
1652
1647
1643
1632
1630
1625
1619
1606
1533
1532
1525
1519
1504
1516
1465
1494
1454
1447
1444
1437
1435
1431
1426
1419
1423
1411
1386
1322
1259
1250
1249
1248
1246
1236
1232
1214
1220
1210
1205
1165
1193
1182
1178
1163
1164
1143
1141
1137
1134
1133
1127
1105
1107
1106
1083
1081
1080
1078
1073
1063
1075
1070
1061
1057
1056
1054
1050
1038
1039
1013
1033
999
966
975
979
939
937
967
951
936
932
923
891
885
877
879
876
859
842
819
813
775
809
800
736
744
798
726
707
704
701
688
695
700
664
697
631
611
610
540
612
521
518
504
502
501
498
484
486
482
481
480
474
472
470
467
468
465
456
426
343
340
341
17579
17528
17496
17469
17358
17385
16356
16095
16246
15491
15382
14886
13308
12190
12684
12022
11940
11957
11900
11864
11525
10878
11450
10622
10733
10643
10360
10338
10273
10172
10021
9970
9978
9174
8762
8888
8829
8438
7245
6497
5877
5679
5403
5401
5343
5186
5338
4944
4802
4642
4482
4276
4285
4125
4006
3837
3295
3275
3238
3114
3274
3062
2988
2801
2748
2778
2697
2696
2695
2473
2444
2443
2239
2080
1972
1973
1843
1732
1631
1483
1482
1480
1479
1186
1058
952
931
772
685
613
544
587
514
489
394
359
358
357
356
355
354
353
195
352
197
157
194
17654
17519
17004
16419
16241
15691
15556
15360
15020
14551
14550
14325
14248
14127
14058
13350
13337
13175
13107
12995
12643
12206
12129
12127
12033
12021
11960
11887
11938
11820
11737
11601
11557
10762
11530
11353
10652
10644
10483
10536
10428
10298
10227
10213
10211
10210
10147
10127
10134
10053
10037
9930
9928
9689
9632
9486
9424
9539
9400
9356
9279
9129
9190
9126
9064
9016
8978
8911
8910
8835
8733
8765
8705
8698
8704
8699
8691
8690
8688
8689
8675
8674
8672
8673
8671
8658
8657
8656
8653
8639
8638
8637
8601
8598
8535
8467
8384
8380
8321
8365
8325
8254
8256
8191
8127
8113
8041
7983
7972
7912
7846
7790
7721
7664
7596
7564
7324
7527
7236
7178
7024
7124
6958
6985
6906
6847
6772
6732
6711
6691
6639
6599
6505
6457
6546
6414
6354
6303
6263
6255
6202
6143
6100
6040
5989
6006
5937
5875
5815
5761
5727
5674
5613
5512
5456
5444
5282
5279
5234
5122
5072
5068
5039
5035
5027
4969
5023
4881
4879
4665
4666
4585
4734
4555
4487
4550
4373
4304
4275
4245
4212
4186
4161
4143
4142
4106
4093
4058
3979
4057
3875
3768
3714
3686
3677
3643
3625
3638
3623
3621
3555
3509
3462
3457
3453
3421
3403
3366
3310
3317
3276
3204
3163
3098
2995
3040
2993
2992
2955
2933
2915
2886
2882
2859
2821
2843
2805
2747
2780
2720
2656
2674
2558
2606
2508
2488
2390
2065
2055
2011
1891
1562
1518
1517
1319
1266
1265
1218
949
1089
1131
1071
942
816
774
687
619
15618
15654
13992
14367
13726
13870
12397
12264
12173
11953
10400
10604
9415
9822
9535
8361
8954
7782
8530
8136
6995
6713
6108
6046
5924
5440
5436
5437
5439
5402
5138
4899
5121
4786
4736
4822
4669
4499
4284
4290
4061
3845
3834
3735
3193
3189
3591
3080
3064
2980
2770
2603
2602
2599
2543
2549
2512
2462
2235
2268
2166
2186
2156
2152
1928
2101
1919
1917
1755
1861
1747
1475
1634
1476
1474
1472
1473
1469
1466
1335
1329
1299
1275
1274
1262
1261
1268
1260
1258
1139
1098
1043
1014
997
986
690
672
667
652
666
662
547
457
389
364
365
339
17637
347
16639
13534
15202
10943
7122
7938
5731
5560
6821
5053
4811
4127
2678
2171
1267
1850
773
681
569
2636
5443
3898
2510
2559
2499
17857
17852
17851
17836
17835
17797
17796
17735
17782
17726
17723
17725
17683
17700
17617
17661
17613
17611
17574
17484
17566
17454
17467
17349
17348
17340
17339
17336
17335
17332
17331
17326
17312
17257
17133
17250
16995
17015
16994
16986
16927
16653
16608
16621
16594
16539
16335
16481
16270
16175
16180
16052
16034
16022
15938
16009
15870
15540
15704
15514
15513
15517
15488
15470
15471
15469
15468
15447
15442
15392
15388
15380
15357
15379
15327
15313
15312
15281
15278
15277
15272
15271
15269
15259
15213
15231
15195
15158
15159
15150
15156
15149
15144
15143
15122
15105
15140
15097
15079
15055
15053
15049
15047
15044
15036
15019
15017
15000
14973
14986
14972
14933
14931
14925
14804
14638
14533
14476
14265
14260
14243
14236
14231
14162
14022
13964
13898
13949
13823
13702
13587
13603
13467
13424
13178
13330
13123
13272
13122
13081
13025
13027
13022
12910
12756
12751
12502
12483
12124
12094
11949
11622
11520
11500
11329
11350
11328
11317
11313
11292
11289
11282
11281
11278
11280
11261
11253
11259
11245
11232
11231
11224
11222
11223
11204
11205
11132
11131
11128
11119
11116
11117
11113
11069
11041
11036
11034
11021
11033
11032
11020
10964
10968
10954
10953
10941
10939
10928
10927
10905
10904
10890
10690
10630
10570
10549
10465
10458
10438
10414
10170
10125
10031
9999
9972
9944
9968
9780
9901
9767
9765
9452
9321
8909
9057
8734
8636
8614
8261
8229
7936
7919
7906
7810
7808
7761
7717
7574
7511
7510
7509
7496
7495
7488
7481
7477
7441
7439
7438
7437
7425
7430
7412
7413
7410
7403
7401
7380
7353
7348
7328
7330
7120
7096
7114
7082
7081
7014
6953
6760
6638
6347
6273
6334
6094
5498
5473
5364
5247
5158
5090
4955
4993
4807
4729
4675
4595
4572
4512
4511
4510
4442
4151
4377
4050
4026
3997
3941
3968
3940
3901
3556
3487
3467
3463
3458
3422
3356
3406
3346
3299
3237
3229
3228
3208
3226
3175
3141
3139
3130
2899
2826
2686
2668
2531
2648
2408
2391
2168
2059
1686
1459
2005
7088
11449
6529
7189
15823
9208
6938
4510
6529
15823
7189
4510
11449
9208
7088
6938
