17859
17795
17806
17641
17861
17625
17817
17785
17624
17623
17527
17777
17450
17481
17526
17602
17570
17499
17449
17407
17571
17415
17378
17025
17303
16998
17020
16950
17074
16949
17330
16935
17244
16918
16903
16822
16813
16644
16640
16519
16557
16636
16436
16882
16435
16396
16408
16405
16400
16395
16471
16394
16363
16409
16355
16203
16304
16225
16137
16370
15982
16109
16177
15872
15772
16144
15770
15765
15703
16045
15912
15699
15702
15701
15766
15695
15687
15675
15674
15697
15662
15673
15672
15671
15577
15589
15330
14851
14884
15219
14809
15498
14948
15200
15171
14890
14711
14687
14661
14737
14806
14536
14532
14535
14619
14507
14537
14479
14495
14780
14482
14402
14403
14378
14345
14165
14408
14264
14390
14136
14144
14119
14214
14106
14155
14118
14050
14033
14041
13882
13996
13853
14052
13827
13793
13887
13848
13845
13764
13724
13653
13799
13660
13787
13772
13673
13572
13557
13532
13406
13334
13602
13158
13553
13104
13238
13507
13530
13505
13088
13011
13086
12978
12685
12571
12653
12523
12428
12845
12308
12376
12293
12290
12360
12504
12277
12553
12269
12281
12305
12248
12126
12262
12102
12046
12020
12041
12065
12013
11982
12112
12096
12050
11955
11958
11898
11856
11818
11768
11959
11796
11753
11730
11767
11746
11729
11727
11697
11694
11682
11673
11637
11635
11634
11488
11719
11552
11392
11468
11316
11133
11582
10792
17862
17850
17775
17814
17812
17842
17838
17772
17821
17807
17761
17811
17753
17754
17751
17741
17760
17712
17710
17717
17734
17706
17704
17692
17696
17679
17684
17664
17644
17674
17646
17643
17638
17636
17587
17586
17621
17585
17616
17604
17576
17553
17536
17545
17521
17513
17507
17534
17518
17488
17486
17497
17482
17478
17471
17472
17464
17463
17459
17443
17447
17437
17435
17430
17420
17396
17416
17391
17382
17376
17375
17368
17367
17360
17361
17356
17354
17355
17357
17352
17353
17351
17350
17333
17325
17319
17317
17308
17318
17314
17298
17293
17289
17287
17282
17286
17288
17281
17279
17273
17275
17267
17261
17258
17238
17239
17254
17248
17246
17236
17235
17234
17233
17230
17224
17221
17218
17219
17226
17212
17211
17205
17203
17200
17199
17198
17191
17194
17190
17196
17186
17185
17181
17177
17174
17168
17165
17166
17161
17163
17160
17158
17159
17156
17154
17155
17153
17152
17151
17150
17148
17147
17146
17145
17144
17143
17142
17140
17141
17138
17135
17132
17128
17130
17117
17109
17120
17121
17115
17108
17105
17102
17103
17104
17098
17099
17096
17097
17095
17094
17093
17092
17090
17089
17085
17084
17083
17079
17088
17072
17075
17071
17070
17069
17068
17067
17066
17065
17063
17055
17050
17049
17047
17046
17044
17039
17036
17034
17043
17033
17028
17031
17027
17019
17018
17011
17014
17010
17007
17005
16992
16983
16993
16984
16981
16980
16979
16977
16978
16976
16975
16973
16968
16972
16961
16959
16960
16958
16954
16952
16951
16945
16942
16944
16943
16941
16939
16938
16937
16936
16933
16930
16922
16921
16920
16914
16919
16915
16917
16913
16912
16911
16910
16909
16908
16907
16905
16906
16902
16900
16899
16896
16895
16892
16891
16890
16881
16883
16885
16873
16872
16862
16863
16853
16848
16852
16858
16854
16847
16846
16845
16841
16840
16843
16838
16839
16836
16830
16834
16828
16827
16824
16823
16826
16814
16815
16803
16801
16802
16800
16798
16797
16796
16792
16791
16782
16789
16781
16783
16776
16778
16772
16771
16764
16766
16762
16763
16760
16759
16757
16758
16752
16754
16750
16745
16743
16742
16741
16735
16738
16739
16730
16728
16723
16722
16717
16724
16716
16713
16715
16714
16709
16712
16707
16705
16704
16706
16702
16700
16698
16696
16695
16691
16687
16681
16673
16670
16669
16679
16668
16659
16655
16647
16643
16633
16632
16630
16628
16629
16627
16626
16624
16617
16623
16619
16615
16614
16609
16605
16602
16603
16581
16585
16580
16584
16579
16576
16577
16574
16575
16573
16572
16563
16562
16565
16567
16561
16564
16556
16554
16555
16553
16550
16533
16532
16551
16536
16534
16530
16527
16526
16525
16524
16517
16516
16513
16520
16515
16508
16507
16506
16505
16493
16482
16490
16483
16487
16484
16476
16475
16465
16474
16463
16448
16444
16462
16446
16443
16440
16438
16430
16422
16432
16418
16416
16414
16417
16413
16411
16403
16402
16393
16398
16391
16401
16390
16387
16388
16385
16384
16382
16383
16369
16378
16366
16379
16362
16360
16359
16348
16346
16343
16345
16344
16337
16328
16339
16327
16326
16318
16316
16314
16313
16311
16310
16309
16308
16307
16306
16305
16303
16302
16300
16298
16299
16297
16301
16296
16295
16294
16293
16292
16291
16290
16288
16289
16287
16286
16285
16283
16271
16282
16269
16268
16265
16263
16266
16267
16256
16251
16249
16247
16239
16238
16237
16218
16220
16229
16201
16200
16198
16197
16194
16182
16174
16166
16164
16162
16158
16150
16146
16145
16149
16148
16141
16142
16139
16140
16138
16136
16135
16134
16132
16130
16129
16127
16125
16119
16114
16112
16111
16101
16108
16106
16090
16091
16089
16088
16085
16083
16082
16084
16075
16073
16065
16076
16071
16064
16062
16057
16051
16058
16050
16048
16049
16046
16044
16043
16040
16039
16038
16041
16035
16036
16029
16026
16027
16023
16017
16008
16019
16006
16007
16018
16005
15994
15993
15987
15985
15984
15976
15978
15977
15981
15972
15975
15973
15971
15970
15969
15968
15967
15966
15960
15956
15957
15953
15955
15952
15951
15947
15949
15943
15937
15935
15934
15933
15931
15929
15924
15928
15923
15927
15920
15921
15919
15917
15911
15910
15908
15907
15902
15904
15903
15901
15898
15900
15897
15895
15894
15892
15889
15891
15885
15881
15877
15879
15876
15868
15864
15862
15852
15851
15855
15856
15850
15849
15845
15844
15843
15834
15828
15830
15827
15833
15826
15824
15820
15818
15819
15817
15815
15807
15816
15804
15799
15805
15796
15793
15791
15790
15788
15786
15787
15783
15785
15789
15778
15777
15776
15774
15764
15760
15767
15759
15755
15740
15739
15738
15737
15736
15730
15732
15726
15727
15724
15731
15717
15708
15705
15698
15684
15681
15679
15678
15667
15676
15658
15650
15645
15642
15639
15633
15631
15637
15638
15636
15627
15617
15602
15600
15601
15615
15588
15593
15592
15587
15586
15579
15568
15570
15566
15565
15576
15567
15548
15545
15543
15539
15534
15530
15531
15532
15536
15529
15527
15526
15524
15523
15522
15497
15487
15521
15516
15518
15490
15484
15486
15480
15466
15463
15460
15465
15459
15457
15456
15452
15455
15445
15439
15430
15418
15432
15436
15421
15417
15415
15416
15414
15412
15411
15409
15408
15406
15403
15407
15400
15384
15383
15381
15378
15368
15367
15370
15356
15355
15365
15353
15350
15341
15340
15339
15337
15335
15331
15320
15334
15319
15316
15306
15314
15315
15302
15290
15301
15294
15299
15280
15267
15265
15264
15266
15253
15251
15255
15250
15249
15248
15247
15244
15246
15245
15236
15237
15225
15235
15223
15222
15220
15218
15217
15216
15207
15191
15204
15206
15194
15208
15188
15186
15185
15181
15184
15174
15172
15169
15168
15180
15163
15167
15166
15162
15148
15145
15134
15132
15147
15133
15118
15117
15116
15115
15114
15113
15112
15110
15103
15102
15100
15101
15098
15092
15088
15091
15080
15076
15077
15078
15075
15072
15074
15070
15068
15071
15067
15064
15063
15066
15062
15061
15060
15058
15056
15041
15039
15031
15027
15033
15025
15023
15016
15015
15014
15012
15007
14980
14994
14979
14993
14978
14975
14977
14974
14963
14962
14966
14959
14961
14957
14958
14956
14953
14955
14951
14947
14949
14950
14946
14944
14945
14937
14938
14936
14924
14921
14916
14918
14912
14911
14917
14902
14899
14889
14888
14879
14878
14874
14868
14866
14867
14860
14864
14859
14862
14855
14857
14853
14854
14838
14840
14837
14825
14826
14827
14814
14816
14812
14800
14811
14810
14797
14796
14790
14795
14782
14781
14778
14776
14779
14777
14773
14771
14770
14769
14768
14759
14758
14756
14755
14757
14744
14743
14741
14742
14740
14739
14738
14732
14724
14726
14721
14720
14714
14710
14708
14705
14706
14704
14703
14702
14701
14694
14693
14692
14689
14688
14690
14685
14686
14682
14684
14681
14680
14679
14677
14675
14676
14674
14671
14673
14670
14665
14662
14660
14658
14651
14650
14649
14646
14648
14645
14640
14635
14637
14627
14626
14624
14623
14620
14618
14616
14614
14613
14612
14611
14607
14608
14609
14604
14603
14602
14600
14595
14584
14570
14552
14546
14557
14576
14582
14543
14542
14529
14528
14527
14524
14523
14522
14521
14525
14519
14512
14517
14518
14511
14506
14504
14503
14502
14501
14500
14499
14497
14492
14484
14487
14483
14475
14471
14473
14474
14470
14469
14468
14465
14459
14456
14458
14453
14451
14455
14442
14441
14440
14435
14439
14437
14434
14432
14431
14433
14429
14428
14427
14426
14422
14423
14425
14411
14409
14395
14410
14394
14392
14391
14388
14387
14389
14373
14369
14368
14349
14357
14339
14340
14338
14335
14337
14334
14333
14332
14330
14331
14326
14327
14328
14322
14323
14319
14318
14317
14316
14315
14312
14311
14310
14309
14306
14307
14303
14300
14302
14299
14298
14295
14297
14294
14296
14290
14293
14289
14285
14283
14279
14278
14277
14281
14276
14274
14275
14263
14262
14257
14256
14254
14252
14253
14251
14250
14242
14234
14232
14230
14229
14217
14210
14207
14206
14201
14198
14192
14188
14187
14182
14180
14186
14179
14167
14161
14151
14150
14132
14133
14104
14122
14091
14120
14102
14090
14088
14086
14087
14085
14083
14080
14081
14079
14078
14065
14069
14063
14062
14060
14061
14032
14044
14031
14030
14028
14029
14026
14027
14015
14014
14013
14011
14012
14010
14008
14009
14005
14006
14001
14002
13999
13998
13997
13995
13983
13982
13981
13979
13978
13976
13977
13974
13975
13968
13958
13961
13960
13959
13957
13947
13946
13942
13944
13938
13932
13929
13933
13931
13927
13926
13925
13924
13923
13922
13921
13920
13918
13917
13916
13915
13914
13905
13902
13894
13893
13892
13896
13891
13890
13888
13889
13878
13862
13877
13864
13875
13876
13852
13850
13849
13847
13846
13844
13843
13842
13837
13835
13841
13832
13833
13831
13830
13829
13817
13828
13816
13806
13808
13803
13805
13801
13800
13790
13789
13791
13788
13783
13780
13778
13777
13775
13776
13773
13771
13766
13758
13756
13755
13750
13746
13742
13733
13731
13732
13728
13716
13717
13713
13714
13711
13709
13710
13708
13703
13696
13698
13689
13691
13688
13679
13685
13684
13677
13674
13669
13668
13667
13658
13657
13654
13656
13655
13648
13647
13643
13640
13639
13638
13635
13623
13622
13621
13620
13618
13619
13617
13616
13612
13614
13610
13604
13609
13611
13598
13597
13599
13596
13595
13585
13583
13579
13577
13575
13569
13566
13576
13564
13562
13561
13558
13555
13554
13551
13544
13542
13543
13541
13540
13539
13536
13533
13535
13531
13529
13525
13524
13527
13513
13523
13509
13503
13508
13500
13506
13498
13495
13496
13491
13492
13482
13481
13475
13478
13470
13471
13464
13463
13454
13450
13444
13442
13443
13440
13441
13422
13438
13431
13420
13419
13411
13408
13401
13395
13396
13398
13397
13392
13389
13383
13388
13382
13363
13361
13343
13342
13347
13360
13326
13328
13327
13324
13325
13297
13303
13296
13323
13304
13295
13294
13292
13290
13289
13288
13284
13286
13282
13285
13269
13270
13274
13265
13257
13259
13249
13239
13234
13235
13217
13232
13211
13213
13210
13206
13203
13208
13202
13199
13197
13183
13196
13192
13173
13171
13160
13172
13155
13167
13153
13152
13154
13151
13150
13144
13136
13137
13138
13131
13129
13128
13116
13115
13112
13113
13108
13101
13102
13100
13098
13096
13099
13095
13093
13094
13090
13089
13084
13085
13080
13075
13076
13074
13073
13070
13069
13072
13064
13061
13058
13060
13059
13056
13054
13051
13047
13052
13044
13043
13045
13037
13042
13036
13035
13034
13032
13031
13030
13029
13020
13017
13014
13005
13006
13004
13002
12996
12991
12992
12993
12990
12987
12986
12983
12985
12982
12981
12975
12974
12971
12970
12969
12960
12966
12951
12967
12944
12947
12942
12943
12935
12926
12918
12920
12923
12919
12917
12911
12914
12909
12908
12907
12903
12906
12898
12900
12897
12891
12896
12890
12889
12887
12888
12886
12884
12882
12881
12878
12879
12877
12880
12876
12874
12873
12870
12868
12869
12865
12863
12862
12864
12860
12851
12855
12850
12849
12843
12847
12838
12839
12840
12837
12835
12836
12834
12833
12832
12825
12822
12830
12821
12815
12813
12814
12812
12811
12809
12810
12807
12806
12808
12804
12803
12797
12798
12802
12796
12789
12791
12787
12786
12785
12777
12775
12774
12772
12773
12771
12762
12759
12755
12758
12754
12748
12750
12740
12746
12744
12739
12738
12736
12735
12734
12733
12726
12725
12716
12712
12713
12709
12705
12707
12704
12702
12695
12697
12698
12694
12693
12689
12687
12688
12680
12679
12677
12678
12674
12671
12670
12669
12668
12667
12666
12665
12662
12652
12664
12650
12642
12648
12637
12638
12632
12633
12623
12625
12626
12624
12620
12622
12619
12618
12616
12615
12614
12608
12610
12611
12595
12590
12578
12585
12584
12582
12567
12561
12574
12572
12552
12560
12550
12549
12551
12548
12547
12542
12541
12546
12539
12537
12535
12518
12517
12526
12514
12512
12513
12505
12503
12510
12496
12497
12491
12493
12489
12488
12475
12469
12472
12471
12468
12467
12465
12464
12461
12463
12460
12457
12450
12449
12448
12447
12445
12446
12440
12441
12439
12437
12430
12438
12429
12422
12421
12415
12413
12414
12412
12410
12411
12408
12409
12407
12401
12402
12400
12399
12396
12392
12389
12388
12387
12384
12382
12381
12380
12371
12372
12370
12369
12365
12367
12366
12356
12357
12353
12351
12350
12341
12345
12337
12338
12339
12336
12334
12333
12326
12321
12320
12319
12316
12317
12315
12318
12314
12311
12306
12299
12289
12288
12287
12285
12274
12283
12276
12272
12271
12268
12267
12260
12256
12258
12254
12247
12241
12239
12237
12235
12233
12231
12213
12194
12191
12193
12205
12183
12180
12176
12168
12179
12167
12166
12158
12157
12156
12155
12154
12144
12143
12120
12131
12117
12118
12115
12111
12114
12101
12099
12110
12104
12098
12097
12093
12091
12090
12075
12074
12069
12068
12073
12067
12072
12064
12066
12062
12063
12060
12061
12059
12056
12040
12037
12058
12028
12016
12014
12012
12009
12004
11996
11995
11994
12003
11987
11985
11978
11973
11975
11969
11977
11967
11976
11966
11965
11964
11962
11954
11963
11928
11942
11950
11932
11930
11927
11923
11907
11915
11911
11906
11905
11896
11893
11894
11895
11885
11882
11871
11873
11880
11862
11844
11858
11849
11845
11842
11841
11840
11839
11838
11835
11827
11824
11823
11815
11811
11808
11807
11792
11793
11789
11784
11791
11790
11782
11783
11781
11779
11777
11780
11776
11774
11771
11775
11759
11763
11755
11742
11739
11735
11713
11720
11708
11711
11707
11706
11705
11701
11690
11691
11687
11667
11669
11672
11657
11656
11655
11650
11654
11647
11646
11643
11644
11640
11638
11631
11630
11628
11627
11619
11620
11615
11616
11609
11610
11608
11605
11596
11591
11588
11603
11587
11576
11574
11575
11572
11573
11567
11565
11554
11571
11550
11553
11545
11543
11536
11541
11531
11532
11535
11522
11523
11529
11515
11517
11514
11509
11498
11512
11511
11497
11485
11482
11478
11484
11473
11462
11461
11472
11455
11444
11443
11451
11441
11446
11440
11439
11437
11433
11430
11428
11436
11429
11427
11424
11421
11418
11420
11415
11414
11413
11411
11407
11412
11406
11403
11404
11399
11397
11396
11384
11395
11383
11393
11382
11379
11381
11376
11374
11375
11369
11373
11368
11365
11364
11362
11363
11361
11348
11347
11345
11341
11342
11343
11340
11333
11339
11332
11325
11323
11320
11309
11308
11310
11307
11306
11305
11301
11304
11300
11299
11287
11295
11286
11288
11285
11277
11274
11275
11276
11273
11272
11268
11269
11266
11265
11263
11256
11264
11243
11241
11240
11235
11230
11228
11229
11219
11221
11220
11218
11215
11214
11203
11207
11202
11191
11189
11186
11188
11176
11179
11174
11172
11171
11170
11168
11169
11166
11165
11164
11163
11159
11157
11151
11146
11144
11149
11145
11127
11141
11126
11125
11123
11121
11118
11111
11109
11105
11107
11103
11104
11101
11098
11100
11097
11096
11095
11093
11090
11088
11089
11087
11085
11082
11083
11077
11078
11074
11073
11072
11068
11070
11067
11064
11065
11063
11057
11055
11052
11048
11027
11042
11044
11004
11005
11003
11000
10995
10998
10993
10989
10990
10988
10987
10984
10983
10979
10977
10980
10976
10948
10947
10944
10937
10931
10919
10920
10901
10894
10899
10864
10879
10877
10857
10856
10845
10837
10831
10825
10807
10804
10805
10798
10794
10785
10784
10772
10769
10754
10749
10737
10719
10694
10710
10692
10691
10683
10677
10680
10671
10672
10654
10650
10667
10647
10648
10638
10626
10625
10607
10620
10598
10605
10599
10590
10584
10582
10581
10572
10567
10569
10560
10545
10541
10537
10539
10521
10502
10501
10500
10494
10484
10492
10482
10475
10474
10470
10471
10473
10464
10461
10463
10457
10456
10452
10450
10434
10436
10412
10426
10411
10392
10391
10362
10357
10354
10353
10321
10292
10293
10285
10284
10276
10267
10272
10258
10248
10236
10215
10198
10171
10188
10164
10163
10156
10122
10136
10129
10126
10096
10093
10091
10090
10086
10079
10044
10067
10065
10064
10039
10038
10035
10036
10016
9990
9985
9982
9967
9979
9965
9957
9959
9876
9945
9929
9874
9875
9868
9865
9830
9788
9802
9797
9816
9795
9776
9768
9763
9774
9737
9726
9724
9725
9736
9719
9716
9710
9704
9700
9703
9697
9699
9649
9663
9651
9634
9630
9629
9616
9608
9587
9599
9586
9582
9581
9571
9559
9570
9558
9555
9547
9554
9537
9553
9528
9520
9518
9515
9505
9470
9459
9447
9451
9450
9483
9444
9441
9434
9432
9423
9428
9427
9410
9421
9411
9395
9343
9353
9333
9308
9320
9330
9315
9307
9306
9301
9210
9253
9191
9111
9125
9070
9118
9028
9071
9030
9021
9027
9007
9000
9006
8982
8994
8977
8967
8976
8939
8938
8956
8894
8927
8864
8877
8878
8870
8865
8850
8817
8827
8806
8804
8798
8803
8796
8787
8797
8785
8770
8772
8761
8760
8758
8742
8740
8735
8741
8647
8640
8615
8611
8605
8533
8562
8583
8592
8522
8443
8440
8439
8421
8412
8382
8381
8379
8378
8377
8360
8349
8330
8348
8320
8315
8313
8287
8286
8281
8273
8277
8255
8252
8228
8250
8242
8251
8226
8232
8217
8220
8216
8214
8211
8200
8198
8210
8201
8199
8187
8185
8188
8182
8178
8176
8154
8169
8146
8148
8145
8143
8144
8141
8142
8140
8139
8134
8126
8125
8112
8124
8107
8106
8110
8104
8100
8101
8103
8099
8086
8089
8085
8081
8082
8076
8071
8070
8072
8068
8061
8064
8063
8058
8060
8050
8043
8048
8040
8039
8034
8035
8029
8024
8017
8013
8004
8007
8005
8002
8003
7997
8001
7989
7980
7996
7977
7975
7973
7969
7970
7960
7968
7959
7958
7955
7956
7949
7947
7929
7935
7928
7932
7926
7917
7916
7903
7910
7907
7902
7895
7894
7899
7893
7892
7881
7880
7879
7875
7878
7870
7874
7873
7869
7868
7867
7864
7860
7859
7855
7858
7851
7857
7845
7843
7836
7841
7831
7833
7832
7825
7826
7824
7823
7816
7813
7819
7806
7812
7803
7801
7799
7804
7793
7786
7791
7788
7785
7784
7774
7779
7776
7777
7753
7758
7750
7754
7746
7749
7745
7744
7742
7741
7739
7730
7740
7737
7728
7727
7720
7724
7714
7719
7709
7702
7710
7697
7699
7698
7696
7693
7689
7687
7677
7686
7684
7672
7673
7662
7661
7655
7652
7651
7646
7650
7643
7635
7632
7642
7633
7629
7627
7625
7623
7618
7614
7617
7603
7602
7609
7607
7601
7599
7597
7595
7593
7592
7580
7581
7577
7575
7561
7560
7559
7552
7543
7544
7536
7535
7534
7539
7533
7532
7530
7529
7518
7519
7517
7516
7513
7507
7505
7502
7494
7493
7485
7487
7483
7484
7476
7470
7464
7469
7466
7463
7462
7456
7455
7452
7454
7451
7443
7436
7447
7435
7434
7432
7433
7426
7416
7431
7408
7405
7396
7393
7392
7391
7385
7383
7374
7373
7369
7372
7368
7365
7360
7359
7357
7346
7351
7335
7338
7336
7326
7305
7313
7320
7304
7302
7303
7290
7286
7299
7288
7265
7285
7264
7261
7248
7235
7246
7239
7233
7229
7227
7226
7225
7224
7220
7218
7216
7214
7210
7212
7208
7206
7196
7195
7194
7175
7186
7190
7169
7166
7165
7160
7158
7159
7157
7152
7148
7151
7149
7147
7144
7143
7142
7141
7138
7130
7126
7121
7110
7128
7108
7106
7107
7104
7092
7102
7084
7079
7073
7072
7071
7067
7066
7054
7053
7047
7041
7052
7039
7030
7027
7031
7023
7022
7018
7015
7007
7017
7003
6996
6994
6990
6982
6981
6969
6962
6965
6955
6942
6937
6935
6931
6934
6933
6928
6926
6925
6924
6914
6908
6902
6881
6896
6880
6873
6892
6868
6864
6867
6865
6863
6854
6851
6846
6845
6830
6829
6822
6827
6807
6809
6810
6804
6806
6801
6803
6798
6795
6797
6783
6792
6791
6782
6781
6780
6778
6768
6777
6769
6763
6751
6747
6755
6743
6742
6740
6733
6734
6739
6730
6714
6729
6707
6710
6702
6701
6699
6700
6698
6697
6692
6687
6686
6685
6679
6675
6655
6664
6666
6661
6657
6653
6636
6652
6625
6624
6620
6619
6614
6621
6613
6622
6605
6591
6587
6581
6559
6543
6527
6537
6532
6518
6511
6506
6494
6480
6471
6468
6467
6440
6455
6450
6438
6436
6433
6435
6432
6425
6423
6400
6372
6395
6381
6371
6370
6369
6368
6362
6359
6337
6335
6333
6324
6316
6310
6294
6289
6280
6279
6262
6276
6269
6264
6251
6256
6226
6212
6206
6198
6203
6192
6197
6195
6191
6190
6189
6184
6183
6181
6170
6169
6168
6166
6161
6160
6158
6148
6138
6130
6137
6129
6111
6128
6112
6110
6109
6102
6095
6074
6088
6071
6065
6067
6069
6064
6063
6062
6033
6058
6034
6030
6021
6007
6001
6002
5999
5996
5969
5990
5994
5965
5953
5955
5957
5946
5945
5943
5927
5936
5919
5918
5912
5902
5899
5892
5891
5883
5879
5881
5878
5845
5826
5864
5840
5836
5805
5789
5780
5786
5785
5759
5767
5753
5755
5751
5744
5746
5721
5720
5722
5704
5707
5700
5697
5693
5688
5677
5690
5691
5676
5656
5650
5648
5647
5646
5637
5645
5642
5643
5634
5635
5630
5618
5629
5617
5605
5596
5593
5597
5583
5575
5569
5564
5563
5549
5534
5525
5543
5541
5524
5518
5523
5491
5481
5476
5462
5459
5418
5359
5321
5271
5261
5232
5254
5206
5189
5184
5178
5181
5171
5167
5164
5162
5143
5073
5111
5069
5093
5070
5040
5063
5047
5033
5030
5008
4986
5015
4950
4977
4949
4946
4921
4891
4860
4854
4859
4834
4770
4769
4744
4747
4739
4722
4719
4718
4690
4678
4667
4660
4613
4624
4610
4606
4601
4591
4593
4578
4580
4577
4562
4553
4556
4525
4521
4520
4516
4502
4504
4491
4494
4476
4475
4486
4456
4441
4449
4437
4439
4414
4436
4408
4404
4400
4398
4317
4319
4334
4301
4299
4295
4266
4281
4277
4260
4244
4251
4263
4239
4241
4240
4228
4224
4216
4209
4215
4210
4213
4208
4199
4201
4198
4197
4188
4187
4180
4183
4174
4170
4155
4146
4159
4114
4110
4103
4109
4105
4102
4100
4095
4092
4096
4087
4086
4080
4052
4060
4075
4035
4015
4009
4034
3970
4004
3967
3965
3963
3954
3953
3949
3932
3931
3921
3924
3920
3916
3911
3904
3895
3894
3893
3892
3889
3890
3885
3884
3877
3872
3859
3868
3836
3835
3855
3848
3833
3825
3824
3818
3816
3806
3815
3811
3809
3804
3802
3796
3793
3789
3788
3786
3779
3780
3781
3778
3776
3774
3762
3761
3759
3756
3758
3754
3755
3753
3751
3741
3737
3728
3734
3724
3723
3718
3719
3716
3713
3711
3710
3706
3708
3702
3695
3685
3684
3694
3683
3675
3661
3640
3642
3636
3634
3626
3619
3620
3618
3624
3615
3596
3614
3593
3594
3573
3571
3569
3563
3546
3553
3542
3541
3539
3532
3531
3528
3527
3524
3525
3483
3521
3476
3498
3475
3447
3429
3428
3414
3427
3426
3408
3400
3402
3399
3398
3396
3316
3390
3350
3321
3308
3314
3304
3306
3301
3297
3255
3232
3260
3249
3217
3222
3195
3199
3179
3181
3156
3153
3158
3159
3136
3123
3122
3107
3099
3091
3084
3093
3073
3074
3090
3083
3072
3082
3058
3060
3010
3026
3009
3025
3001
2986
2985
2966
2965
2947
2961
2954
2924
2919
2938
2951
2916
2911
2897
2906
2898
2896
2879
2875
2880
2894
2874
2865
2864
2848
2844
2788
2858
2786
2845
2785
2784
2783
2769
2758
2762
2766
2733
2730
2726
2723
2714
2688
2600
2607
2442
2583
2456
2382
2362
2361
2360
2358
2354
2350
2337
2345
2332
2329
2330
2334
2328
2321
2320
2316
2314
2311
2309
2308
2306
2300
2305
2296
2293
2188
2292
2290
2031
2036
1935
2110
1768
1710
1171
1310
1138
627
196
202
149
150
148
138
86
87
137
85
83
84
82
81
80
74
77
75
72
73
71
68
58
70
59
54
52
50
49
51
46
48
45
44
42
40
37
41
38
36
35
31
5
30
29
17721
17695
17487
17606
17833
17426
16818
17473
16769
17362
16620
15840
16167
15752
16317
15745
15742
14903
14203
15006
14113
13963
13701
13573
14048
13250
13228
12332
13062
11889
11752
11551
11432
10757
10266
10166
10165
9971
9860
9783
9747
9731
9681
9640
9745
9625
9533
9146
9499
9143
9128
9034
8984
8548
8030
7853
6759
7002
7111
6495
6492
6187
6179
6029
6099
6016
5960
5959
5967
5932
5890
5754
5739
5802
5558
5572
5478
5461
5477
5452
5397
5377
5346
5316
5327
5389
5270
5268
5267
5236
5199
5161
5145
5148
5160
5048
4922
4865
4856
4771
4693
4636
4635
4616
4626
4612
4549
4438
4367
4364
4352
4354
4259
4024
4207
3973
3927
3854
3887
3578
3767
3324
3436
3393
3361
3244
3243
2979
2978
2976
2836
2863
2862
2833
2754
2752
2750
2709
2535
2477
2420
2427
2085
2083
2295
2333
1979
1695
1775
1597
1584
1225
1224
1223
1222
1188
1067
499
391
686
293
233
270
16373
65
15779
15563
15462
13967
12313
11990
11813
10787
10376
10304
10303
10185
10176
9770
9764
9234
8891
6080
7705
5441
5174
4934
4751
4912
4362
4545
4191
3637
3178
3582
2883
2645
2634
2547
2541
2504
2540
2272
2216
2215
2214
2157
2153
2028
1925
1912
1900
1910
1814
1880
1672
1664
1581
1638
1500
1574
1417
1407
1394
1393
1392
1309
1176
1065
1062
847
711
844
678
665
683
458
407
403
401
400
395
397
393
390
392
269
345
263
245
243
242
240
17752
78
79
17631
17630
17580
17470
17479
17453
17441
17432
17400
17346
17324
17253
17313
17231
17208
17197
17008
17131
16926
16833
16817
16701
16816
16545
16541
16331
16154
16117
16092
15899
15773
15926
15690
15682
15603
15599
15585
15554
15476
15575
15489
15472
15473
15437
15475
15431
15398
15332
15391
15190
15192
15151
15309
15096
14897
14887
14850
14821
14754
14657
14747
14653
14592
14579
14393
14364
14244
14239
14114
14135
14089
14105
14039
14111
14034
14018
13991
13987
13940
13986
13941
13781
13911
13872
13757
13727
13747
13663
13378
13190
13592
13319
13376
13163
13146
12989
13121
12977
12867
12901
12936
12770
12925
12819
12749
12731
12711
12659
12609
12395
12364
12284
12509
12279
12250
12228
12226
12209
12184
12161
12134
12048
11902
11890
11876
11867
11803
11770
11728
11712
11570
11614
11693
11641
11416
11385
11326
11178
11248
11293
11139
11315
11246
11106
10991
10934
10711
10656
10674
10523
10402
10514
10408
10387
10358
10351
10350
10330
10264
10260
10141
10018
10019
9897
9963
9855
9772
9702
9407
9485
9348
9241
9202
9145
9135
9134
9067
8971
8897
8887
8886
8885
8857
8856
8882
8842
8855
8841
8750
8743
8732
8809
8574
8588
8523
8510
8501
8454
8442
8452
8436
8437
8435
8408
8392
8386
8385
8373
8370
8355
8354
8353
8352
8351
8334
8272
8271
8269
8268
8246
8245
8137
8044
7876
7797
7631
7103
7407
6869
6754
7048
7043
6357
6617
6393
6250
6154
6200
5974
5992
5653
5947
5606
5651
5598
5415
5567
5259
5223
5163
5044
4988
4979
4801
4726
4543
4778
4560
4540
4382
4541
4444
4345
4351
4344
4280
4320
4322
4278
4273
4231
4232
4230
4200
4173
4118
4194
4112
4099
3989
4055
3922
3850
3808
3648
3795
3647
3613
3520
3590
3567
3518
3371
3381
3254
3166
3165
3164
3160
3138
3131
2998
2996
2991
2987
2904
2902
2889
2881
2866
2847
2818
2819
2601
2233
2764
2454
2112
2232
2064
1736
1760
1740
1819
1679
1646
1489
1458
1434
1421
1418
1456
1412
1328
1351
1327
1326
1325
1227
1209
1150
1149
1212
1211
870
869
852
846
753
689
698
692
634
675
535
589
585
516
512
507
503
510
360
411
371
351
505
350
335
334
333
332
331
330
329
328
327
326
325
324
261
154
153
152
151
145
147
17048
143
16341
16329
15652
15651
15643
15203
14846
14808
14766
14760
14752
14578
14452
14208
14190
14017
14138
14126
13948
13907
13170
12576
12554
12559
12508
12312
12225
12499
12043
12023
11624
10734
10573
10041
9523
9861
9707
9482
9439
9375
8986
8620
8441
8531
7453
7550
7830
7316
7315
7231
7179
6912
6838
6818
6694
6673
6629
6611
6555
6609
6516
6499
6383
6416
6105
6050
6201
6019
5889
5926
5810
5846
5806
5774
5684
5537
5545
5535
5293
5275
5243
5244
5075
4800
4888
5182
4829
4785
4708
4656
4455
4415
4383
4330
4233
4225
4156
4059
4123
4040
4036
4025
3730
3731
4010
3657
3692
3452
3673
3328
3143
3033
2975
2968
3019
2851
2774
2689
2621
2618
2539
2484
2483
2107
2480
1920
1636
1575
1596
1372
1272
1269
1051
1111
790
795
762
628
586
476
452
431
430
383
276
304
241
264
192
17820
16325
17517
16178
17080
16332
17256
15440
15387
15232
17547
14900
13446
12601
12927
10687
10686
12458
11417
10659
10646
10355
8276
6748
6690
5796
5553
5552
5540
5539
5538
5367
5179
5301
4928
3823
4583
4297
3883
4196
3290
3000
2548
1936
1231
1142
1140
494
743
1045
429
428
427
214
213
212
210
211
208
209
207
205
161
17839
156
17834
17832
159
17831
17828
17802
17788
17714
17703
17713
17688
17682
17680
17697
17681
17669
17675
17662
17658
17656
17659
17648
17642
17556
17555
17549
17475
17363
17277
17247
17227
17206
17139
17107
17149
17059
17056
17032
16966
16932
16825
16806
16805
16799
16965
16765
16773
16731
16726
16697
16652
16616
16601
16512
16449
16480
16451
16264
16259
16250
16179
16184
16161
16128
16126
16078
15979
15946
15945
15944
15918
15784
15761
15733
15657
15656
15685
15655
15612
15616
15611
15610
15609
15608
15607
15606
15591
15598
15582
15573
15572
15561
15559
15558
15402
15372
15338
15322
15321
15305
15303
15297
15243
15242
15241
15296
15240
15239
15221
15215
15238
15199
15198
15197
15187
15177
15059
15129
15030
15024
14988
14998
14964
14934
14901
14861
14870
14869
14858
14849
14819
14848
14691
14581
14615
14580
14556
14568
14547
14555
14460
14488
14372
14436
14371
14366
14352
14351
14272
14255
14173
14121
14116
14103
14101
14096
14043
13970
13943
13884
13912
13861
13863
13879
13851
13839
13818
13809
13798
13786
13804
13736
13754
13759
13737
13730
13725
13705
13704
13652
13686
13588
13586
13625
13574
13547
13549
13546
13545
13528
13501
13399
13385
13504
13421
13381
13313
13302
13291
13309
13229
13193
13252
13162
13135
13125
13140
13087
13071
13114
13046
13055
13063
12999
12794
13016
12928
12753
12776
12741
12745
12663
12617
12728
12717
12644
12612
12598
12596
12586
12495
12494
12492
12545
12479
12478
12486
12476
12474
12462
12454
12444
12433
12406
12404
12386
12403
12374
12368
12358
12352
12347
12342
12340
12335
12323
12325
12302
12291
12300
12273
12270
12240
12192
12221
12220
12195
12182
12141
12130
12121
12116
12109
12080
12085
12071
12015
12011
11951
11931
11943
11914
11872
11881
11859
11870
11846
11830
11795
11802
11773
11743
11702
11677
11698
11668
11652
11618
11606
11604
11559
11566
11564
11518
11546
11558
11516
11463
11480
11464
11448
11438
11431
11410
11402
11400
11380
11349
11338
11367
11271
11237
11270
11195
11175
11148
11173
11136
11099
11092
11061
10992
11028
10959
10946
10909
10898
10865
10849
10842
10809
10766
10753
10700
10752
10552
10594
10548
10469
10510
10504
10466
10446
10427
10413
10377
10335
10404
10307
10247
10312
10199
10154
10181
10155
10145
10102
10101
9894
9989
10000
9889
9883
9819
9635
9778
9620
9760
9575
9456
9463
9454
9426
9371
9416
9360
9336
9310
9270
9239
9235
9226
9225
9168
9095
9096
9094
9043
9019
9017
9015
9011
9010
8952
8962
8995
8950
8840
8872
8830
8828
8823
8767
8728
8757
8632
8680
8631
8630
8629
8610
8609
8604
8539
8602
8493
8512
8482
8475
8470
8415
8461
8414
8208
8297
8207
8206
8205
8162
8177
8161
8138
8096
8097
8065
8023
8015
7988
7952
7966
7942
7911
7888
7856
7725
7866
7766
7716
7713
7712
7711
7706
7704
7703
7676
7674
7694
7680
7637
7667
7634
7611
7587
7584
7585
7565
7548
7540
7323
7292
7293
7446
7257
7256
7241
7247
7240
7222
7221
7188
7219
7201
7187
7182
7180
7080
7069
6843
6899
6886
6894
6883
6842
6839
6817
6796
6799
6766
6716
6765
6779
6793
6715
6693
6680
6670
6656
6626
6612
6634
6579
6603
6556
6542
6523
6503
6452
6453
6488
6448
6446
6410
6394
6374
6344
6285
6266
6267
6237
6252
6248
6219
6236
6218
6217
6216
6215
6214
6180
6177
6176
6155
6175
6153
6173
6152
6147
6151
6146
6150
6145
6139
6141
6133
6124
6101
6123
6116
6056
6118
6043
6032
6052
5997
6012
5916
5993
5917
5911
5915
5910
5906
5908
5905
5904
5858
5853
5856
5857
5850
5849
5852
5876
5824
5832
5823
5820
5822
5821
5818
5817
5819
5812
5804
5811
5801
5798
5794
5793
5790
5791
5799
5792
5773
5766
5764
5756
5763
5752
5738
5734
5733
5735
5728
5730
5726
5714
5713
5712
5711
5709
5708
5696
5698
5705
5695
5692
5694
5672
5671
5661
5641
5626
5625
5640
5624
5622
5623
5621
5619
5568
5565
5515
5505
5530
5501
5493
5500
5492
5490
5435
5387
5376
5422
5471
5373
5368
5320
5366
5310
5305
5306
5297
5296
5304
5295
5288
5294
5292
5286
5235
5283
5228
5227
5226
5224
5214
5221
5213
5175
5142
5135
5134
5133
5132
5131
5130
5123
5120
5119
5117
5116
5102
5101
5100
5099
5097
5096
5095
5079
5010
5004
5062
5003
4999
4998
4981
4974
4987
4972
4971
4964
4966
4953
4963
4952
4939
4942
4938
4935
4927
4926
4930
4924
4925
4923
4919
4918
4917
4915
4905
4906
4900
4902
4876
4872
4871
4858
4828
4832
4791
4813
4779
4780
4777
4759
4758
4728
4696
4683
4673
4623
4622
4641
4619
4618
4617
4600
4587
4581
4530
4533
4552
4528
4515
4518
4448
4473
4447
4381
4412
4363
4340
4342
4338
4337
4335
4336
4333
4289
4269
4332
4268
4262
4175
4243
4171
4162
4120
4077
4113
4088
4053
4070
4045
4048
4019
4002
3982
3981
3975
3964
3952
3958
3943
3950
3939
3933
3930
3881
3878
3876
3871
3866
3865
3832
3858
3787
3814
3805
3784
3757
3667
3666
3652
3644
3622
3612
3610
3588
3585
3598
3584
3564
3562
3559
3550
3469
3486
3431
3397
3451
3395
3375
3357
3341
3336
3334
3332
3330
3331
3329
3326
3325
3322
3313
3241
3215
3214
3213
3203
3221
3202
3187
3186
3183
3176
3170
3155
3125
3124
3120
3132
3117
3078
3067
3066
3038
3034
3031
3029
3030
3015
3016
3014
3013
3011
3006
3005
3004
3003
2983
2982
2953
2948
2946
2945
2920
2917
2876
2856
2842
2838
2850
2810
2798
2797
2795
2757
2793
2664
2662
2644
2642
2641
2640
2639
2625
2594
2589
2611
2614
2581
2587
2579
2577
2576
2573
2569
2570
2568
2566
2564
2520
2518
2516
2495
2505
2493
2468
2451
2421
2452
2459
2365
2352
2344
2262
2244
2230
2225
2222
2220
2218
2217
2213
2211
2208
2205
2210
2194
2196
2195
2192
2191
2190
2189
2187
2169
2154
2148
2150
2146
2145
2143
2134
2127
2126
2125
2124
2123
2122
2121
2103
2105
2099
2082
2102
2079
2067
2032
2054
2076
2026
2027
2024
2025
2017
2015
2013
2012
2010
2009
1990
2006
1989
1987
1986
1985
1984
1980
1982
1978
1977
1976
1969
1968
1970
1967
1965
1964
1961
1963
1957
1958
1950
1956
1951
1955
1948
1946
1944
1942
1940
1941
1932
1937
1939
1930
1929
1916
1915
1907
1888
1889
1885
1887
1886
1884
1882
1872
1877
1871
1870
1869
1865
1864
1863
1862
1860
1859
1856
1840
1833
1834
1831
1825
1824
1830
1823
1822
1817
1816
1802
1810
1801
1800
1798
1799
1796
1794
1791
1793
1788
1787
1776
1772
1763
1756
1744
1742
1739
1741
1738
1737
1735
1731
1730
1729
1728
1723
1699
1698
1694
1684
1683
1682
1680
1678
1677
1676
1670
1669
1668
1667
1666
1663
1662
1661
1660
1654
1651
1653
1650
1649
1648
1629
1628
1626
1624
1621
1620
1617
1615
1614
1608
1589
1588
1587
1583
1580
1561
1566
1560
1559
1557
1556
1548
1546
1537
1536
1531
1529
1528
1526
1524
1523
1521
1522
1515
1514
1513
1512
1510
1509
1508
1506
1503
1505
1499
1502
1498
1497
1496
1495
1491
1490
1477
1470
1468
1467
1464
1463
1455
1453
1451
1450
1449
1448
1428
1409
1397
1398
1396
1385
1395
1387
1384
1382
1379
1378
1376
1377
1375
1373
1374
1349
1348
1347
1344
1346
1342
1343
1339
1338
1337
1336
1334
1332
1291
1318
1290
1285
1264
1263
1257
1256
1245
1255
1244
1242
1239
1238
1237
1215
1229
1219
1197
1198
1174
1173
1172
1170
1169
1166
1167
1145
1129
1126
1123
1124
1118
1117
1116
1115
1113
1114
1109
1097
1093
1092
1077
1074
1053
1019
1028
1055
1018
1016
1004
1003
1002
1001
998
974
972
980
971
970
945
969
889
888
884
887
886
882
878
875
867
874
865
864
861
863
860
862
856
854
853
840
839
838
833
830
832
824
823
822
818
817
812
808
696
805
807
810
693
682
660
679
659
658
635
629
653
657
592
549
545
541
537
497
450
398
466
405
396
387
385
386
369
368
342
367
315
282
316
281
278
277
267
265
257
256
253
248
249
247
222
220
218
215
17863
139
188
140
17856
67
17849
17854
17848
17847
17846
17845
17844
17840
17841
17830
17824
17829
17818
17822
17813
17808
17810
17805
17809
17804
17793
17787
17786
17784
17783
17770
17774
17781
17768
17769
17767
17762
17757
17749
17742
17743
17730
17720
17737
17715
17707
17709
17719
17691
17676
17690
17665
17660
17653
17640
17635
17639
17634
17633
17632
17629
17628
17620
17619
17615
17618
17612
17607
17598
17596
17594
17593
17590
17588
17581
17573
17565
17562
17564
17558
17559
17550
17546
17544
17529
17522
17509
17515
17511
17483
17489
17502
17480
17474
17468
17465
17462
17460
17455
17452
17451
17446
17448
17445
17440
17438
17423
17427
17418
17419
17412
17411
17410
17404
17403
17397
17395
17393
17392
17390
17386
17383
17381
17372
17371
17366
17370
17347
17345
17343
17341
17342
17334
17327
17323
17311
17310
17306
17302
17305
17301
17296
17291
17283
17266
17269
17271
17259
17264
17255
17252
17251
17213
17215
17220
17207
17204
17228
17202
17189
17180
17175
17171
17167
17164
17112
17172
17136
17113
17100
17076
17060
17053
17057
16996
16962
16946
17045
16928
16904
16925
16870
16857
16868
16897
16856
16851
16832
16809
16812
16811
16795
16786
16774
16770
16768
16767
16751
16744
16747
16688
16677
16663
16638
16645
16642
16635
16622
16610
16597
16607
16595
16593
16591
16590
16589
16586
16535
16568
16559
16566
16498
16497
16486
16496
16494
16485
16478
16469
16455
16453
16452
16423
16420
16372
16397
16374
16353
16352
16349
16333
16320
16319
16274
16244
16248
16273
16254
16272
16235
16228
16231
16223
16224
16204
16185
16195
16188
16187
16176
16172
16151
16121
16118
16097
16094
16067
16080
16079
16053
16033
16032
16028
16016
15999
16013
15991
15997
15961
15959
15948
15939
15936
15925
15913
15871
15857
15854
15832
15839
15814
15811
15809
15808
15803
15802
15798
15794
15780
15769
15768
15763
15756
15749
15762
15706
15720
15721
15692
15670
15665
15666
15663
15634
15515
15613
15541
15512
15510
15507
15505
15506
15503
15504
15501
15502
15495
15500
15494
15492
15461
15467
15453
15454
15451
15474
15449
15450
15446
15448
15444
15443
15441
15429
15438
15428
15427
15426
15424
15425
15399
15422
15423
15397
15396
15395
15393
15394
15390
15389
15385
15386
15377
15376
15375
15364
15374
15373
15363
15362
15361
15358
15359
15348
15347
15346
15345
15344
15342
15343
15329
15328
15326
15325
15324
15323
15310
15311
15308
15307
15285
15286
15288
15284
15282
15283
15279
15276
15274
15275
15273
15261
15268
15260
15258
15270
15256
15254
15233
15230
15214
15229
15228
15209
15212
15211
15210
15193
15160
15157
15155
15154
15146
15152
15153
15141
15142
15139
15138
15131
15128
15127
15124
15126
15125
15123
15111
15109
15108
15107
15106
15104
15099
15095
15085
15093
15094
15082
15083
15081
15051
15050
15048
15046
15045
15038
15042
15037
15035
15034
15032
15022
15021
15018
15004
15005
15003
15009
15002
15001
14984
14983
14971
14981
14969
14970
14968
14935
14930
14932
14929
14928
14926
14922
14927
14923
14873
14898
14829
14834
14789
14730
14707
14746
14656
14655
14696
14654
14636
14632
14629
14630
14594
14591
14589
14588
14586
14577
14574
14575
14571
14572
14559
14560
14508
14509
14477
14463
14450
14379
14398
14380
14363
14362
14341
14361
14271
14270
14269
14268
14267
14261
14266
14259
14249
14258
14247
14246
14224
14245
14222
14237
14223
14221
14220
14219
14218
14216
14213
14212
14205
14204
14202
14200
14191
14199
14184
14169
14168
14164
14163
14156
14141
14153
14137
14117
14100
14068
14094
14067
14066
14053
14046
14054
14038
14019
13994
13969
13965
13985
13954
13953
13935
13937
13913
13910
13909
13901
13880
13860
13857
13855
13822
13825
13814
13821
13811
13797
13785
13795
13765
13763
13762
13779
13761
13753
13749
13739
13735
13723
13721
13682
13719
13706
13681
13678
13675
13666
13664
13659
13661
13650
13649
13634
13631
13632
13630
13624
13629
13628
13613
13606
13605
13600
13593
13590
13589
13550
13571
13488
13487
13485
13486
13452
13460
13451
13448
13445
13439
13436
13435
13427
13434
13433
13432
13423
13417
13407
13405
13404
13400
13377
13375
13373
13370
13369
13357
13355
13353
13336
13338
13329
13311
13318
13317
13279
13278
13275
13251
13264
13260
13263
13223
13221
13185
13184
13176
13124
13156
13120
13053
13119
13103
12994
12973
12972
12938
12937
12924
12922
12913
12905
12895
12902
12892
12875
12872
12871
12857
12829
12827
12817
12816
12818
12778
12769
12766
12763
12757
12747
12724
12727
12723
12721
12710
12719
12708
12701
12682
12661
12657
12656
12654
12641
12600
12588
12575
12565
12564
12506
12529
12525
12490
12459
12484
12452
12456
12451
12436
12435
12432
12427
12417
12390
12377
12327
12328
12310
12243
12266
12222
12245
12219
12216
12207
12172
12197
12170
12169
12164
12149
12138
12106
12123
12105
12084
12095
12083
12077
12053
12079
12082
12034
12045
12030
12026
12007
12006
11992
11997
11970
11952
11948
11937
11935
11897
11879
17866
11878
11933
12055
11877
11866
11861
11851
11816
11834
11799
11817
11819
11797
11766
11765
11750
11747
11738
11736
11681
11726
11718
11714
11699
11692
11680
11671
11670
11664
11661
11678
11662
11663
11632
11660
11621
11613
11611
11602
11599
11607
11581
11561
11540
11560
11527
11519
11489
11491
11487
11479
11467
11476
11465
11456
11391
11390
11387
11386
11377
11358
11359
11357
11356
11355
11354
11352
11327
11351
11330
11334
11314
11312
11311
11298
11297
11294
11283
11291
11284
11279
11260
11254
11252
11251
11250
11249
11247
11244
11234
11227
11226
11225
11211
11210
11208
11206
11185
11177
11184
11181
11180
11142
11138
11140
11137
11134
11135
11115
11130
11086
11075
11114
11039
11040
11038
11037
11035
11031
11030
11025
11024
11023
11022
11012
11011
11010
11007
11008
11009
11006
10985
10973
10970
10972
10969
10967
10963
10966
10960
10961
10965
10958
10957
10956
10955
10942
10940
10930
10938
10926
10929
10925
10908
10907
10906
10891
10888
10885
10887
10841
10830
10811
10808
10800
10797
10790
10764
10789
10725
10706
10726
10704
10698
10675
10658
10645
10657
10653
10631
10642
10632
10614
10603
10615
10571
10559
10547
10538
10534
10522
10505
10418
10459
10439
10370
10359
10369
10343
10334
10333
10342
10289
10279
10271
10197
10117
10128
10111
10100
10060
10052
10047
10033
10032
10030
10007
9998
9984
9983
9973
9943
9937
9969
9935
9931
9896
9856
9858
9981
9837
9836
9823
9831
9817
9815
9787
9749
9693
9677
9601
9660
9540
9492
9487
9477
9464
9453
9474
9391
9912
9367
9338
9295
9294
9266
9285
9280
9259
9242
9179
9141
9164
9150
9117
9077
9103
9047
9076
9074
9933
9012
9039
8997
8898
8946
8795
8766
8744
8727
8677
8687
8661
8693
8659
8648
8641
8947
8618
8606
8581
8617
8594
8575
8563
9728
8549
8547
8542
9839
8529
8518
8509
8447
8390
8369
8350
8364
8332
8302
8301
8280
8288
8383
8270
8266
8225
8234
8213
8222
8196
8179
8170
8155
8168
8069
8073
8066
8038
8033
8031
8016
8009
7974
7982
7961
7946
7915
7890
8149
7852
7850
8969
7847
7837
7757
7735
8776
7734
7733
7726
7707
7666
7649
7604
7572
7570
7569
7566
7525
7524
7523
7522
7521
7798
7520
7508
7499
7498
7497
7491
7479
7489
7490
7898
7478
7475
7450
7448
7445
7440
7442
7444
7411
7406
8338
7402
7399
7379
7378
7376
7355
7377
7352
7350
7347
7332
7267
7331
7123
7116
7162
7117
7115
7098
7093
7091
7089
7090
7068
7086
7062
7044
7028
7025
6988
6967
6952
6959
6875
6848
6833
6918
6825
6811
6786
6767
6757
6736
6735
6723
6719
6712
6720
6683
6682
6665
6595
6604
6601
6596
6592
6594
6593
6585
6526
6553
6583
6549
6571
6481
6548
6519
6429
6391
6379
6358
6301
6348
6363
6315
6286
6341
6274
6265
6246
6076
6013
6235
6041
6017
6000
5962
5941
5934
5861
5816
5913
5776
5740
5742
5663
5620
5585
5559
5497
5427
5511
5546
5464
5554
5381
5413
5337
5313
5312
5309
5291
5265
5260
5252
5256
5233
5249
5219
5195
5172
5180
5157
5218
5155
5128
5098
5078
5036
5002
4968
5007
4996
4984
4967
4961
4937
4941
4896
4887
4885
4880
4889
4782
4824
4775
4773
4717
4707
4645
4644
4679
4588
4602
4592
4462
4501
4460
4443
4403
4399
4380
4258
4248
4237
4158
4236
4154
4152
4144
4139
4091
4084
4073
4068
4067
4064
4065
4051
4039
3951
4016
3942
3936
3934
3926
3915
3899
3897
3869
3847
3828
3821
3777
3810
3775
3760
3747
3745
3743
3739
3720
3709
3687
3665
3468
3459
3464
3412
3404
3372
3391
3305
3358
3240
3239
3234
3233
3205
3225
3127
3047
3177
3042
3086
3017
2958
2956
2949
2901
2849
2870
2871
2869
2827
2806
2679
2727
2676
2530
2529
2646
2590
2665
2528
2527
2526
2439
2276
2200
1966
1764
1783
2135
2144
1754
1645
1520
1230
1424
1216
1207
950
1180
948
947
940
344
16281
17740
17035
206
16987
15990
16077
14545
14193
14095
13939
13885
10315
10058
10055
10251
9230
8247
8769
8084
7035
6295
6392
6304
7818
7690
5976
5938
5494
5385
5308
4725
5237
4651
5215
5103
4506
4433
4485
4283
2888
3149
3763
3725
3263
2761
2455
2381
2068
2030
2029
1813
1675
1673
1927
1602
684
553
552
551
550
546
418
511
349
409
348
219
346
17855
17406
17417
16886
17388
16866
17087
16793
16810
16357
16122
15873
15874
15581
14941
15580
14447
14386
14356
14057
13826
13356
12844
12631
12602
12580
11242
12481
11639
10832
10982
10106
9670
9300
10042
9414
8754
9085
8663
8403
8582
8396
8337
8333
7050
6689
6097
8282
6227
5868
5536
5469
5054
5208
4705
4686
4598
4270
3985
3792
3791
2808
2807
2706
2544
2534
2396
2212
2104
2066
1878
1820
1812
1703
1718
1693
1721
1655
1297
1400
907
661
624
509
461
621
475
338
317
336
313
231
16011
10760
16680
16010
164
10759
10723
10736
10722
10637
10574
10575
10565
10636
10564
10540
10490
10489
10530
10477
10476
10419
10346
10296
10372
10295
10226
9915
8367
6989
6386
6271
6121
6272
6120
5748
4348
4347
4855
4205
4204
2525
2279
4203
2591
1228
1202
1201
1200
1199
881
288
609
287
825
286
283
17791
17763
17746
17651
17626
17584
17693
17583
17554
17614
17548
17538
17533
17134
17523
16835
16234
16227
17387
16365
17320
16102
16202
15564
15479
15753
14942
15433
14699
14896
14877
14444
14385
14343
13869
14139
13812
13594
13854
13552
13680
13483
13449
13026
13117
12647
12605
12331
12426
12244
12208
12202
12088
11998
12025
11993
11899
11855
11852
11875
11758
11754
11684
11524
11562
11584
11470
11457
11466
11091
11217
10833
10903
10633
10810
10693
10433
10347
10467
10214
10263
10203
10186
10173
10144
9966
9890
9879
9756
9548
9603
9546
9399
9526
9281
9032
9044
8876
8845
8844
8831
8799
8665
8646
8644
8492
8407
8180
8304
7967
7987
7951
7940
7950
7840
7848
7715
7722
7645
7616
7608
7512
7467
7428
7386
7317
7427
7349
7301
7255
7242
7181
7164
7005
6986
6951
6888
6887
6972
6819
6688
6597
6582
6584
6491
6569
6570
6482
6417
6419
6437
6220
6403
6389
6205
6210
6140
6178
6079
6125
6104
5851
5809
5808
5886
5787
5807
5765
5732
5710
5749
5681
5687
5686
5670
5652
5699
5660
5639
5574
5577
5513
5504
5496
5502
5487
5488
5485
5467
5463
5455
5423
5383
5371
5302
5287
5370
5281
5273
5266
5253
5225
5129
5246
5165
5140
5057
5092
5052
5017
5013
5012
5011
4907
4851
4830
4790
4799
4789
4784
4763
4756
4668
4743
4688
4654
4652
4647
4646
4643
4531
4582
4529
4519
4489
4468
4411
4407
4397
4395
4385
4366
4298
4261
4360
4341
4220
4235
4145
4135
4078
4124
4031
4028
4023
4018
4003
3999
3998
3996
3984
3994
3956
3947
3912
3955
3909
3905
3880
3902
3867
3861
3853
3785
3849
3799
3690
3653
3646
3565
3616
3560
3489
3557
3461
3374
3432
3359
3337
3218
3209
3261
3201
3207
3197
3185
3145
3142
3115
3137
3094
3071
3070
3069
3063
3051
3046
3044
3002
3008
2935
2936
2853
2895
2852
2820
2841
2796
2782
2749
2741
2722
2718
2721
2698
2691
2685
2680
2677
2633
2604
2658
2592
2598
2588
2586
2582
2585
2571
2563
2514
2492
2458
2394
2432
2370
2347
2346
2340
2273
2253
2280
2246
2243
2234
2206
2139
2133
2136
1962
2106
1959
1974
1918
1902
1890
1846
1839
1827
1818
1797
1792
1790
1774
1773
1765
1733
1726
1700
1722
1689
1691
1696
1674
1658
1642
1656
1607
1623
1582
1579
1408
1352
1563
1324
1323
1321
1315
1314
1254
1316
1247
1243
1233
1185
1181
1179
1168
1110
1079
1076
1072
1068
1064
1052
1037
1041
1035
1032
996
1000
973
993
968
946
938
908
890
855
850
841
843
857
831
834
821
820
811
709
647
618
614
710
590
543
485
538
483
473
459
471
412
425
388
370
361
363
307
10770
10729
10715
11389
10702
10703
10684
10640
10678
10634
10601
10551
10561
10508
10600
10618
10375
10348
10280
10177
10175
10143
9964
9946
10104
9988
9918
9884
9844
9771
9732
9619
9612
9579
9691
9685
9573
9490
9458
9401
9392
9390
9366
9373
9362
9298
9257
9260
9243
9212
9207
9198
9169
9195
9078
9167
9065
9058
9038
9018
8901
8875
8873
8900
8861
8839
8860
8859
8816
8783
8780
8781
8739
8777
8600
8700
8578
8701
8568
8566
8564
8541
8565
8495
8329
8322
8389
8483
8195
8132
8116
8094
8083
8074
7937
7913
7909
7925
7792
7736
7647
7638
7695
7588
7515
7417
7325
7259
7258
7200
7049
7177
6973
7163
6944
6936
6920
6919
6970
6909
6890
6885
6855
6860
6840
6728
6644
6721
6607
6635
6577
6407
6406
6329
6530
6302
6398
6292
6240
6225
6185
6009
5981
5844
6167
5828
5935
5860
5750
5633
5616
5614
5454
5407
5544
5336
5352
5290
5274
5258
5241
5185
5211
5146
5118
5173
5088
5051
4990
4989
4992
4901
4852
4853
4850
4838
4843
4895
4835
4818
4816
4798
4805
4820
4797
4794
4793
4792
4765
4762
4706
4754
4752
4710
4694
4662
4574
4575
4573
4571
4569
4567
4565
4564
4568
4566
4547
4492
4483
4369
4394
4350
4405
4252
4253
4250
4221
4193
4166
4041
4164
4150
4063
4030
3993
3910
3782
3707
3701
3577
3674
3549
3548
3581
3547
3545
3543
3544
3456
3455
3454
3376
3439
3320
3409
3300
3318
3340
3298
3279
3278
3277
3223
3262
3154
3236
3152
3171
3075
2971
3129
2970
2969
2962
2967
2927
2963
2892
2873
2877
2872
2815
2824
2813
2791
2790
2712
2775
2711
2705
2701
2699
2702
2690
2647
2620
2629
2619
2613
2557
2551
2542
2537
2550
2517
2507
2479
2478
2466
2461
2438
2260
2436
2278
2257
2256
2249
2132
2100
2201
2053
2052
2088
2023
2019
2004
2001
2000
1991
1999
1981
1898
1922
1897
1811
1895
1851
1786
1805
1749
1785
1706
1681
1644
1612
1627
1609
1558
1493
1366
1364
1365
1363
1362
1361
1360
1331
1289
1282
1031
991
911
910
1278
849
895
836
858
633
615
792
757
566
534
453
454
308
414
279
275
17790
17755
17765
17776
17745
17689
17732
17686
17657
17652
17650
17601
17600
17592
17599
17577
17578
17557
17542
17539
17510
17495
17508
17491
17485
17477
17442
17364
17124
17300
16399
16342
16364
16260
16242
16233
16147
16087
15996
16086
15583
15578
15553
15571
15369
15336
15130
15137
15026
15043
15084
14999
14907
14985
14904
14893
14982
14880
14841
14843
14875
14830
14772
14728
14530
14663
14695
14445
14414
14406
14375
14396
14365
14347
14209
14235
14211
14196
14143
14171
14112
14076
14073
14036
13973
14074
13881
13720
13871
13633
13465
13457
13456
13310
13374
13426
13307
13236
12861
12781
12531
12500
12507
12394
12359
12249
12329
12223
12217
12199
12198
12174
12165
12153
12151
12133
12137
12128
12132
12087
12001
12086
11999
11980
11934
11971
11853
11888
11725
11772
11724
11585
11716
11563
11555
11542
11471
11209
11258
11236
11183
10862
10814
10801
10813
10791
10682
10655
10629
10443
10432
10290
10371
10277
10109
10256
10046
10004
9951
9895
9892
9824
9857
9818
9695
9705
9738
9680
9607
9572
9502
9478
9488
9322
9460
9236
9372
9233
9229
9093
9232
9092
8966
8902
8858
8768
8664
8643
8608
8506
8502
8451
8372
8411
8160
8025
8130
8011
7922
7795
7905
7794
7692
7763
7639
7582
7691
7422
7384
7318
7333
7300
7297
7254
7298
7269
7260
7253
7238
7230
7202
7173
7099
7097
7139
7006
7095
7059
7000
6998
6968
6911
6879
6889
6844
6876
6815
6858
6647
6762
6668
6646
6465
6642
6645
6557
6466
6418
6142
6098
6234
6077
6051
6073
6026
6023
6014
5987
5931
5977
5903
5855
5921
5854
5930
5829
5825
5830
5803
5772
5682
5669
5582
5662
5579
5580
5576
5506
5578
5503
5489
5466
5465
5425
5424
5421
5419
5417
5410
5409
5399
5356
5355
5350
5382
5326
5354
5325
5319
5314
5298
5278
5272
5240
5242
5239
5230
5170
5169
5168
5151
5136
5115
5086
5087
5058
5055
5020
5029
5018
4997
5009
4980
4994
4995
4916
4898
4878
4849
4819
4817
4787
4757
4655
4650
4649
4657
4605
4604
4603
4576
4561
4527
4445
4428
4503
4393
4391
4392
4376
4325
4386
4305
4303
4219
4227
4136
4126
4134
4090
4049
4029
3995
3988
3987
4001
4074
3980
3978
3944
3969
3946
3856
3879
3843
3874
3900
3842
3907
3839
3838
3831
3830
3790
3829
3651
3608
3698
3609
3597
3566
3558
3536
3492
3533
3491
3488
3465
3407
3450
3440
3394
3333
3285
3219
3200
3224
3291
3198
3196
3088
3087
3079
3049
3068
3048
3043
3041
3037
3036
3018
3007
2990
2981
2974
2973
2913
2959
2900
2885
2855
2837
2803
2828
2800
2799
2777
2725
2724
2719
2716
2710
2715
2694
2643
2657
2637
2596
2624
2595
2593
2575
2565
2561
2515
2513
2476
2460
2494
2445
2447
2435
2433
2366
2374
2351
2348
2343
2349
2342
2275
2274
2204
2161
2193
2170
2160
2159
2151
2140
2137
2138
2130
2111
2113
2058
2046
2057
2044
2045
2042
2043
2033
1960
1954
1938
1905
1914
1906
1913
1904
1899
1894
1881
1849
1848
1795
1845
1761
1759
1829
1748
1743
1734
1725
1690
1724
1688
1702
1659
1657
1652
1643
1647
1632
1625
1630
1606
1619
1533
1532
1525
1516
1519
1504
1465
1447
1454
1437
1444
1494
1426
1431
1435
1419
1411
1386
1322
1259
1250
1423
1248
1249
1246
1236
1232
1220
1210
1193
1214
1165
1178
1164
1163
1143
1141
1137
1134
1133
1182
1127
1107
1105
1106
1081
1080
1083
1078
1075
1070
1073
1063
1061
1056
1054
1057
1050
1039
1033
1038
1013
999
979
975
967
966
951
939
937
936
923
1205
932
885
891
879
877
876
859
819
842
809
800
813
798
775
744
736
726
707
704
701
700
697
695
688
631
664
612
611
610
540
518
521
504
502
498
501
484
486
482
481
480
474
472
470
468
467
465
456
426
341
343
340
17579
17528
17469
17496
17358
17385
16356
16095
16246
15491
15382
14886
12190
12684
13308
12022
11957
11940
11900
11864
11525
11450
10622
10733
10878
10360
10643
10338
10273
10172
10021
9970
9978
8888
8829
8762
9174
7245
6497
8438
5877
5679
5403
5401
5186
5343
5338
4642
4944
4482
4802
4285
4276
3837
4125
4006
3275
3295
3114
3238
3274
3062
2988
2801
2697
2696
2778
2748
2695
2473
2444
2443
2239
2080
1973
1972
1732
1631
1843
1483
1482
1480
1479
1186
952
1058
772
931
685
613
587
544
514
489
394
359
358
357
356
355
354
353
352
195
197
17654
194
17519
17004
157
16419
16241
15691
15556
15360
15020
14551
14325
14550
14248
14127
14058
13350
13337
13175
13107
12643
12995
12129
12206
12127
12033
12021
11887
11938
11960
11601
11820
11737
11557
11530
10762
11353
10652
10644
10536
10483
10428
10298
10213
10227
10211
10210
10147
10134
10053
10127
9930
10037
9689
9928
9632
9539
9486
9356
9400
9424
9279
9190
9126
9064
9129
9016
8978
8835
8911
8910
8765
8733
8704
8705
8699
8691
8698
8690
8689
8688
8675
8674
8673
8672
8671
8658
8657
8656
8639
8653
8638
8637
8601
8535
8598
8384
8467
8380
8365
8325
8256
8321
8254
8191
8127
8113
8041
7983
7912
7972
7790
7846
7721
7664
7596
7564
7527
7324
7178
7124
7236
7024
6985
6958
6906
6772
6847
6732
6711
6599
6639
6691
6457
6546
6505
6354
6414
6303
6263
6202
6143
6255
6100
6006
6040
5989
5937
5875
5815
5761
5727
5674
5613
5456
5512
5282
5444
5279
5234
5122
5068
5072
5039
5027
5035
5023
4969
4881
4879
4734
4666
4665
4585
4550
4487
4555
4304
4373
4275
4245
4212
4186
4142
4143
4106
4161
4093
4058
4057
3979
3875
3768
3686
3714
3643
3638
3677
3623
3625
3621
3555
3509
3457
3453
3403
3421
3462
3317
3366
3310
3204
3163
3040
2995
3276
2992
3098
2993
2955
2933
2886
2915
2821
2882
2859
2843
2805
2780
2747
2720
2656
2674
2606
2488
2558
2508
2390
2065
2055
2011
1891
1518
1562
1517
1319
1265
1266
1218
1131
1089
942
816
1071
949
687
619
774
15654
15618
14367
13870
13992
13726
12397
12264
11953
12173
10604
10400
9822
9535
9415
8530
8954
8361
7782
8136
6995
6713
6108
6046
5440
5924
5439
5437
5436
5402
5121
5138
4899
4822
4786
4736
4669
4499
4290
4284
3845
4061
3834
3591
3193
3735
3189
3080
3064
2980
2770
2603
2602
2599
2549
2543
2512
2462
2268
2235
2186
2166
2156
2152
1928
2101
1919
1917
1755
1861
1747
1634
1476
1475
1474
1473
1472
1469
1466
1335
1329
1299
1274
1275
1268
1262
1261
1260
1258
1139
1098
1043
1014
997
986
672
690
667
666
662
652
547
457
364
347
389
365
339
17637
16639
15202
13534
7938
5731
10943
5560
5053
6821
7122
4811
4127
773
2678
2171
1850
569
1267
5443
681
3898
2636
2559
17857
17852
17851
17836
2499
2510
17835
17797
17796
17782
17700
17723
17726
17683
17735
17661
17725
17617
17574
17454
17467
17611
17348
17566
17484
17613
17349
17340
17339
17312
17336
17335
17257
17331
17332
17326
17250
17133
17015
16994
16608
16995
16986
16927
16653
16621
16594
16481
16335
16539
16180
16270
16052
16175
16034
16022
16009
15938
15704
15870
15513
15471
15488
15517
15514
15540
15470
15447
15468
15388
15469
15392
15442
15380
15357
15379
15327
15313
15312
15278
15281
15271
15277
15272
15269
15259
15213
15231
15195
15159
15156
15158
15144
15150
15149
15143
15140
15105
15122
15055
15097
15049
15079
15053
15047
15044
15036
15017
15019
15000
14933
14986
14973
14931
14972
14925
14804
14638
14533
14265
14243
14476
14236
14260
14231
14162
13964
14022
13949
13898
13702
13603
13587
13823
13467
13424
13330
13272
13123
13122
13178
13081
13027
13025
12910
13022
12756
12502
12751
12483
12124
11949
11520
11500
11622
11329
11328
11350
11317
11292
11313
11289
11282
11281
11278
11280
11253
11245
11259
11222
11223
11231
11224
11204
11132
11131
11128
11119
11205
11116
11232
11113
11041
11069
11036
11034
11033
11032
11021
11020
10968
11117
10964
10954
10953
10941
10939
10928
10927
10904
10905
10690
10890
10630
10570
11261
10549
10465
10458
10438
10414
10170
10125
10031
9999
9972
9968
9944
9780
9901
9767
9765
9452
9321
9057
8614
8734
8636
8261
8229
7906
7919
7936
7810
7808
7761
7717
7574
7511
8909
7510
7495
7496
7509
7481
7488
7477
7439
7438
7441
7425
7430
7437
12094
7413
7412
7410
7401
7403
7380
7353
7348
7330
7328
7082
7096
7114
7120
7081
6953
7014
6760
6638
6347
6273
6334
6094
5498
5473
5364
5247
5158
5090
4807
4993
4955
4675
4729
4595
4572
4512
4511
4377
4442
4151
4050
4026
3968
3941
3940
3556
3901
3487
3467
3458
3463
3422
3406
3299
3356
3346
3237
3229
3226
3997
3228
3208
3175
3130
3139
3141
2899
2686
2826
2648
2668
2531
2408
2391
2168
2059
1459
2005
1686
